302455.103027888	4123701.71267543	
302455.296379752	4123702.00788414	
302455.407015739	4123702.18291542	
302455.545310717	4123702.40170453	
302455.684650188	4123702.66487778	
302455.833122274	4123702.9389383	
302456.008992216	4123703.24566061	
302456.186167769	4123703.6078631	
302456.381608548	4123703.99184013	
302456.59531455	4123704.39759168	
302456.827285773	4123704.82511776	
302457.077261085	4123705.26332234	
302457.318364879	4123705.7017357	
302457.55946865	4123706.14014906	
302457.800572397	4123706.57856243	
302458.041937243	4123707.02807184	
302458.273908327	4123707.45559796	
302458.488397528	4123707.89463767	
302458.712280442	4123708.35566068	
302458.945034824	4123708.81647492	
302459.186660673	4123709.2770804	
302459.410021277	4123709.71591135	
302459.633642978	4123710.16583835	
302459.875790997	4123710.64863592	
302460.136204207	4123711.15320802	
302460.396878507	4123711.66887618	
302460.666685384	4123712.1954316	
302460.955018561	4123712.75485761	
302461.24361282	4123713.32537965	
302461.532207043	4123713.89590171	
302461.82080123	4123714.46642378	
302462.118005748	4123715.02564105	
302462.406338743	4123715.5850671	
302462.685539104	4123716.13360588	
302462.973349797	4123716.67083988	
302463.260899339	4123717.19697784	
302463.539577365	4123717.72332458	
302463.817994245	4123718.23857529	
302464.087539611	4123718.75403478	
302464.366217542	4123719.28038154	
302464.662116168	4123719.78411871	
302464.949143283	4123720.28806466	
302465.227037773	4123720.78112334	
302465.514064824	4123721.2850693	
302465.819357024	4123721.81078981	
302466.142914367	4123722.35828488	
302466.466732781	4123722.91687599	
302466.772547093	4123723.46478861	
302467.095843205	4123724.00118767	
302467.410267804	4123724.53779551	
302467.689206471	4123725.07523841	
302467.967622882	4123725.59048925	
302468.228818539	4123726.12834969	
302468.480881581	4123726.65532286	
302468.7592979	4123727.17057372	
302469.019710134	4123727.67514607	
302469.270989761	4123728.16883115	
302469.549405986	4123728.68408204	
302469.810079243	4123729.19975045	
302470.079362829	4123729.70411407	
302470.35777896	4123730.21936497	
302470.645588743	4123730.7565992	
302471.006197978	4123731.36983561	
302471.331060191	4123731.97281104	
302471.682014544	4123732.55296813	
302472.049928463	4123733.09941961	
302472.391489049	4123733.65759341	
302472.698347053	4123734.24989037	
302473.03912424	4123734.77477608	
302473.336327387	4123735.33399371	
302473.625181243	4123735.91561217	
302473.922906524	4123736.49702189	
302474.202627742	4123737.06775309	
302474.499830741	4123737.62697075	
302474.787640039	4123738.1642051	
302475.092931117	4123738.68992592	
302475.39822216	4123739.21564674	
302475.703252065	4123739.73027154	
302475.998888274	4123740.22291303	
302476.294785551	4123740.72665056	
302476.590160594	4123741.20819604	
302476.867792693	4123741.69015902	
302477.163689874	4123742.19389659	
302477.441844111	4123742.69805166	
302477.719998317	4123743.20220675	
302478.007285044	4123743.71724913	
302478.285700285	4123744.23250027	
302478.572986947	4123744.74754267	
302478.860273575	4123745.26258507	
302479.13868872	4123745.77783624	
302479.425975282	4123746.29287866	
302479.704129266	4123746.7970338	
302479.99089357	4123747.28988417	
302480.287051485	4123747.80471787	
302480.601474455	4123748.34132615	
302480.925291025	4123748.89991776	
302481.258501192	4123749.48049271	
302481.573707328	4123750.05038913	
302481.888913426	4123750.62028556	
302482.194986941	4123751.17929472	
302482.492188976	4123751.73851263	
302482.789390972	4123752.29773056	
302483.086854026	4123752.86804453	
302483.410409184	4123753.41554019	
302483.724831768	4123753.95214857	
302484.003507456	4123754.47849592	
302484.300187084	4123755.01552182	
302484.587211963	4123755.51946836	
302484.883369341	4123756.0343022	
302485.170394154	4123756.53824876	
302485.448286405	4123757.03130804	
302485.717568277	4123757.53567211	
302485.994938288	4123758.00653933	
302486.27204718	4123758.46631053	
302486.53141317	4123758.92649922	
302486.790518044	4123759.37559188	
302487.040751456	4123759.82489329	
302487.299856279	4123760.27398597	
302487.549567464	4123760.70109532	
302487.78101358	4123761.10643009	
302488.003588242	4123761.51197361	
302488.234773232	4123761.90621236	
302488.412468513	4123762.29060753	
302488.671573194	4123762.73970024	
302488.940332543	4123763.22187233	
302489.208569689	4123763.68185235	
302489.495332927	4123764.17470301	
302489.791489734	4123764.68953701	
302490.078775078	4123765.20457975	
302490.365799303	4123765.70852647	
302490.643690983	4123766.20158591	
302490.930192977	4123766.68334057	
302491.198691	4123767.15441669	
302491.467188996	4123767.62549281	
302491.735425879	4123768.08547291	
302491.985658799	4123768.53477445	
302492.244502038	4123768.97277122	
302492.512477759	4123769.42165531	
302492.762710603	4123769.87095687	
302493.01268234	4123770.3091624	
302493.262654053	4123770.74736795	
302493.485750389	4123771.17510367	
302493.699453119	4123771.58085606	
302493.922288333	4123771.99749576	
302494.127119601	4123772.4034569	
302494.331689773	4123772.79832201	
302494.536782084	4123773.21537919	
302494.732741877	4123773.62154908	
302494.937050914	4123774.00531817	
302495.141621012	4123774.40018329	
302495.35584575	4123774.8281278	
302495.578680807	4123775.24476753	
302495.792122268	4123775.63942394	
302496.005563711	4123776.03408035	
302496.227876553	4123776.42852803	
302496.441056881	4123776.81208841	
302496.672502179	4123777.2174234	
302496.913602103	4123777.65583777	
302497.172966991	4123778.11602676	
302497.422938282	4123778.55423241	
302497.66429921	4123779.00374284	
302497.93279651	4123779.47481915	
302498.201554856	4123779.9569915	
302498.461441761	4123780.43937259	
302498.711412924	4123780.87757828	
302498.979910112	4123781.34865461	
302499.239274786	4123781.80884366	
302499.489506947	4123782.2581454	
302499.748610495	4123782.70723842	
302500.008236162	4123783.17852352	
302500.267861803	4123783.64980862	
302500.527226344	4123784.1099977	
302500.777458376	4123784.55929948	
302501.027429311	4123784.99750523	
302501.278183438	4123785.46899909	
302501.556073903	4123785.96205885	
302501.824570789	4123786.43313527	
302502.08419624	4123786.90442042	
302502.343821664	4123787.37570559	
302502.621712012	4123787.86876537	
302502.90038554	4123788.39511328	
302503.206195387	4123788.94302708	
302503.512527336	4123789.51313297	
302503.83712419	4123790.10501348	
302504.180247012	4123790.72976466	
302504.532502256	4123791.36540317	
302504.885279586	4123792.02323376	
302505.2563218	4123792.70283898	
302505.637018557	4123793.4155236	
302506.008321722	4123794.10622489	
302506.406239025	4123794.79630002	
302506.795023803	4123795.47548786	
302507.192679919	4123796.15446699	
302507.59007491	4123796.8223501	
302507.978337383	4123797.47934591	
302508.349118071	4123798.14785521	
302508.719898705	4123798.81636454	
302509.063804042	4123799.47440401	
302509.398837936	4123800.13265221	
302509.72526145	4123800.80220519	
302510.059773124	4123801.43826134	
302510.403156141	4123802.07410879	
302510.728535268	4123802.69927765	
302511.062785739	4123803.3242378	
302511.397036164	4123803.94919797	
302511.730503364	4123804.54087003	
302512.055099133	4123805.13275083	
302512.370823472	4123805.72484036	
302512.677154268	4123806.29494654	
302512.992617467	4123806.87594005	
302513.298687126	4123807.43495022	
302513.595885362	4123807.99416912	
302513.883951121	4123808.5425007	
302514.180627171	4123809.07952754	
302514.459560421	4123809.61697182	
302514.737971526	4123810.13222404	
302515.03412536	4123810.64705884	
302515.312275345	4123811.15121504	
302515.581292862	4123811.64448392	
302515.850049295	4123812.12665678	
302516.127154969	4123812.58642885	
302516.395389237	4123813.04640965	
302516.654752097	4123813.50659918	
302516.913853878	4123813.95569267	
302517.172955634	4123814.40478617	
302517.40439902	4123814.81012167	
302517.524686921	4123815.01823308	
302517.663239673	4123815.24811915	
302517.867285732	4123815.62079269	
302518.005838466	4123815.85067876	
302518.172049527	4123816.12432283	
302518.347915109	4123816.43104631	
302518.542306581	4123816.77064047	
302518.754962892	4123817.13200929	
302518.986145086	4123817.52624879	
302519.226720733	4123817.94247166	
302519.468601611	4123818.41417472	
302519.72874731	4123818.90765244	
302520.006896772	4123819.41180878	
302520.276957983	4123819.94946194	
302520.57441642	4123820.5197771	
302520.801948057	4123821.13614609	
302521.082185782	4123821.72907076	
302521.398692089	4123822.3544487	
302521.751728016	4123823.02337595	
302522.185128287	4123823.71261691	
302522.583304073	4123824.41378877	
302522.981479797	4123825.11496064	
302523.380438597	4123825.84942063	
302523.806272468	4123826.59435056	
302524.24958795	4123827.32776705	
302524.683770952	4123828.05029624	
302525.117431795	4123828.75063337	
302525.51586817	4123829.46290139	
302525.905694164	4123830.18647416	
302526.277255293	4123830.88827229	
302526.630812604	4123831.5793918	
302526.975237462	4123832.259624	
302527.329055707	4123832.96183958	
302527.700616611	4123833.66363776	
302528.054173705	4123834.35475733	
302528.434083769	4123835.03415476	
302528.874788054	4123835.65661111	
302529.315492277	4123836.27906747	
302529.755935399	4123836.89042782	
302530.134540032	4123837.51434514	
302530.512883575	4123838.12716644	
302530.864874052	4123838.7517099	
302531.190511466	4123839.3879755	
302531.489273749	4123840.01377118	
302531.788558063	4123840.66175894	
302532.095930576	4123841.27624991	
302532.394692737	4123841.90204562	
302532.703109306	4123842.56092075	
302533.064231839	4123843.19635162	
302533.425876387	4123843.85397458	
302533.786998815	4123844.48940548	
302534.15803667	4123845.16901185	
302534.554905398	4123845.81470402	
302534.968994688	4123846.43778675	
302535.400304538	4123847.03826003	
302535.778908348	4123847.66217757	
302536.148379731	4123848.2752078	
302536.491498076	4123848.89996016	
302536.843226681	4123849.5134078	
302537.176951531	4123850.1161768	
302537.519547674	4123850.71873713	
302537.853011404	4123851.31041012	
302538.186214062	4123851.89098709	
302538.519938733	4123852.49375614	
302538.87140603	4123853.09610782	
302539.223134307	4123853.70955556	
302539.565469147	4123854.30101992	
302539.907803942	4123854.89248429	
302540.241267359	4123855.48415737	
302540.583341037	4123856.06452573	
302540.907410984	4123856.63421545	
302541.240352219	4123857.20369649	
302541.573032387	4123857.76208151	
302541.887969854	4123858.32088392	
302542.19377493	4123858.86879899	
302542.508190272	4123859.40540934	
302542.813734249	4123859.9422284	
302543.110145838	4123860.46816011	
302543.387509627	4123860.93902903	
302543.536237438	4123861.22418697	
302543.684443194	4123861.48715284	
302543.8968364	4123861.83742619	
302544.035648766	4123862.07840868	
302544.183854495	4123862.34137455	
302544.359718275	4123862.64809852	
302544.553846734	4123862.97659718	
302544.749019262	4123863.34948	
302544.971588809	4123863.75502487	
302545.2035517	4123864.18255313	
302545.453779254	4123864.6318561	
302545.713922185	4123865.12533453	
302545.983197429	4123865.62970032	
302546.271259362	4123866.1780329	
302546.568453598	4123866.73725284	
302546.866169837	4123867.31866486	
302547.190238974	4123867.88835479	
302547.513525018	4123868.42475663	
302547.837072039	4123868.97225452	
302548.142354353	4123869.49797771	
302548.473989564	4123870.01197882	
302548.787882103	4123870.52639731	
302549.111167955	4123871.06279921	
302549.461328728	4123871.6096711	
302549.821143817	4123872.18962243	
302550.198962502	4123872.78025245	
302550.586435493	4123873.40396192	
302550.982779741	4123874.02746272	
302551.352248985	4123874.64049354	
302551.721718176	4123875.25352438	
302552.073183684	4123875.85587655	
302552.406645513	4123876.44755007	
302552.740107297	4123877.03922359	
302553.073830049	4123877.64199316	
302553.398942459	4123878.25606746	
302553.724054825	4123878.87014177	
302554.040295839	4123879.48442477	
302554.356536811	4123880.09870778	
302554.654774118	4123880.70231212	
302554.970231979	4123881.28330704	
302555.276818493	4123881.86451065	
302555.600886568	4123882.43420088	
302555.915561282	4123882.98190772	
302556.247717554	4123883.51810118	
302556.562131182	4123884.05471201	
302556.885155068	4123884.58001813	
302557.226443528	4123885.12709899	
302557.567992953	4123885.6852759	
302557.918935646	4123886.26543622	
302558.261006993	4123886.84580523	
302558.602556287	4123887.40398217	
302558.900271059	4123887.98539457	
302559.215206378	4123888.54419756	
302559.521531365	4123889.11430527	
302559.827595311	4123889.67331696	
302560.134181224	4123890.25452072	
302560.449899395	4123890.84661186	
302560.775010821	4123891.46068642	
302561.099861203	4123892.06366494	
302561.424450539	4123892.65554745	
302561.757650123	4123893.23612525	
302562.08145637	4123893.79471967	
302562.405523578	4123894.36441013	
302562.738723034	4123894.94498797	
302563.03617629	4123895.51530447	
302563.333629509	4123896.08562097	
302563.604468826	4123896.65656349	
302563.857043536	4123897.20573128	
302564.109879215	4123897.76599511	
302564.35332158	4123898.30427555	
302564.615289482	4123898.87542676	
302564.868386066	4123899.44678665	
302565.129831908	4123899.99574581	
302565.382406435	4123900.54491364	
302565.644635206	4123901.12716092	
302565.925128501	4123901.73118295	
302566.205882753	4123902.34630102	
302566.505162518	4123902.99428988	
302566.813574517	4123903.65316612	
302567.122769457	4123904.34533048	
302567.450228897	4123905.0592696	
302567.777949279	4123905.78430477	
302568.124195148	4123906.54221072	
302568.479312235	4123907.29990803	
302568.843822524	4123908.07958876	
302569.208071759	4123908.84817346	
302569.580931214	4123909.60545348	
302569.935787069	4123910.35205481	
302570.299514138	4123911.09844748	
302570.645237613	4123911.83416145	
302570.999571313	4123912.55857074	
302571.353904956	4123913.28298004	
302571.672492475	4123913.99712797	
302571.991340936	4123914.72237194	
302572.291924831	4123915.42584116	
302572.583637413	4123916.12951906	
302572.875349951	4123916.83319697	
302573.158713155	4123917.55927562	
302573.450425605	4123918.26295354	
302573.733266747	4123918.96684013	
302574.016107845	4123919.67072673	
302574.298426928	4123920.35242127	
302574.580745969	4123921.03411581	
302574.871936228	4123921.7156017	
302575.162604474	4123922.37489553	
302575.444401419	4123923.03439802	
302575.725937337	4123923.68280449	
302576.007212231	4123924.32011492	
302576.287965118	4123924.93523329	
302576.56897895	4123925.56144771	
302576.859124984	4123926.19854951	
302577.149531962	4123926.84674736	
302577.449071136	4123927.50583261	
302577.758003488	4123928.18690128	
302578.067457759	4123928.89016203	
302578.394915471	4123929.60410152	
302578.731766346	4123930.34002444	
302579.050613684	4123931.06526865	
302579.38668151	4123931.76790348	
302579.722749284	4123932.47053833	
302580.040813528	4123933.16249446	
302580.376359241	4123933.84293725	
302580.702511696	4123934.50139664	
302581.037535351	4123935.15964738	
302581.36368771	4123935.81810679	
302581.697667354	4123936.43197341	
302582.075742199	4123937.03370075	
302582.461905301	4123937.60193134	
302582.839458088	4123938.18146664	
302583.19013612	4123938.75053186	
302583.531942866	4123939.31980575	
302583.873488591	4123939.87798361	
302584.215295249	4123940.44725752	
302584.539881334	4123941.03914082	
302584.855596135	4123941.63123277	
302585.171049922	4123942.2122287	
302585.442669424	4123942.81645995	
302585.68871907	4123943.4657013	
302585.935290631	4123944.13713474	
302586.199865603	4123944.81924692	
302586.463918591	4123945.47916703	
302586.745714009	4123946.13866986	
302587.018377181	4123946.7872853	
302587.299389605	4123947.41350003	
302587.58040199	4123948.03971478	
302587.870285569	4123948.66572088	
302588.16069105	4123949.31391907	
302588.460228692	4123949.97300465	
302588.72428137	4123950.63292483	
302588.978940843	4123951.27086158	
302589.23360028	4123951.90879834	
302589.470256256	4123952.53605636	
302589.698040974	4123953.16352303	
302589.925564693	4123953.77989366	
302590.135345932	4123954.39668159	
302590.335994947	4123955.00258213	
302590.562996643	4123955.5967607	
302590.780605151	4123956.16895585	
302590.998474601	4123956.75224704	
302591.215561119	4123957.30225013	
302591.451172959	4123957.88512404	
302591.687306703	4123958.49019004	
302591.914830163	4123959.10656072	
302592.133482373	4123959.72314005	
302592.324998963	4123960.31815323	
302592.508166243	4123960.93556714	
302592.673591064	4123961.55339832	
302592.839015864	4123962.17122951	
302592.98617628	4123962.76728591	
302593.142729823	4123963.38532575	
302593.29980528	4123964.02555766	
302593.438355391	4123964.63291874	
302593.568034271	4123965.24048847	
302593.697974102	4123965.85915424	
302593.828174882	4123966.48891604	
302593.959158542	4123967.15196596	
302594.081270973	4123967.81522452	
302594.20338339	4123968.47848308	
302594.325495792	4123969.14174164	
302594.447347215	4123969.79390417	
302594.551195242	4123970.43538794	
302594.690267125	4123971.06494112	
302594.829599954	4123971.70559033	
302594.959539633	4123972.32425612	
302595.08060809	4123972.94313054	
302595.201415569	4123973.55090893	
302595.312829904	4123974.13670388	
302595.424505188	4123974.73359487	
302595.517916127	4123975.30871107	
302595.60219489	4123975.87293986	
302595.677863406	4123976.44847334	
302595.753009989	4123977.00181474	
302595.819024401	4123977.54426874	
302595.885038807	4123978.08672274	
302595.941660081	4123978.60719331	
302595.989410152	4123979.12787251	
302596.019156859	4123979.63787296	
302596.040032365	4123980.14808204	
302596.060385947	4123980.63609905	
302596.090132651	4123981.14609949	
302596.102919851	4123981.68980533	
302596.115707053	4123982.23351116	
302596.161369405	4123982.66542207	
302596.118319803	4123983.09941936	
302596.13815146	4123983.56524429	
302596.14102362	4123984.06477462	
302596.151201195	4123984.49752008	
302596.148071197	4123984.74184154	
302596.18173079	4123985.04080864	
302596.195821254	4123985.26252075	
302596.210694606	4123985.51752098	
302596.235222041	4123985.80560067	
302596.242789982	4123986.12738576	
302596.260272968	4123986.49334636	
302596.305413383	4123986.90306519	
302596.359164022	4123987.30147935	
302596.430135111	4123987.67728416	
302596.501889086	4123988.08637709	
302596.574425945	4123988.52875812	
302596.656355914	4123988.99312259	
302596.733329134	4123989.62413627	
302596.825696055	4123990.15486833	
302596.900842519	4123990.70820974	
302596.985643051	4123991.29463063	
302597.079053798	4123991.86974685	
302597.172986462	4123992.46705514	
302597.249176746	4123993.06478071	
302597.360851759	4123993.66167173	
302597.419299659	4123994.25981457	
302597.505143992	4123994.89061961	
302597.600381421	4123995.5434081	
302597.705011949	4123996.21818002	
302597.709188888	4123996.77319054	
302597.767114837	4123997.34914131	
302597.862352236	4123998.0019298	
302597.949501332	4123998.68821503	
302598.037172345	4123999.39669235	
302598.142324739	4124000.09365635	
302598.229734767	4124000.79103763	
302598.326015963	4124001.48821027	
302598.429863512	4124002.12969409	
302598.524578914	4124002.76029051	
302598.619033344	4124003.3797909	
302598.722358937	4124003.99908265	
302598.825162595	4124004.59618232	
302598.936837415	4124005.19307336	
302599.048251259	4124005.77886836	
302599.159665093	4124006.36466336	
302599.271600837	4124006.97265044	
302599.400756985	4124007.55802818	
302599.512170781	4124008.14382318	
302599.605842228	4124008.73003546	
302599.913987448	4124009.37781672	
302599.998526734	4124009.9531416	
302600.074455806	4124010.53977116	
302600.141252746	4124011.11551331	
302600.217181806	4124011.70214287	
302600.275107569	4124012.27809366	
302600.332772367	4124012.84294841	
302600.390698121	4124013.4188992	
302600.44001367	4124014.00615467	
302600.480197092	4124014.58252273	
302600.520119551	4124015.14779475	
302600.559520089	4124015.6908747	
302600.581961186	4124016.26766004	
302600.621883641	4124016.83293206	
302600.679287451	4124017.38669078	
302600.754172613	4124017.92893619	
302600.829057769	4124018.47118161	
302600.922468113	4124019.04629786	
302601.016139408	4124019.63251016	
302601.100939536	4124020.21893109	
302601.195132732	4124020.82733547	
302601.33420361	4124021.45688875	
302601.463881397	4124022.06445859	
302601.594081089	4124022.6942205	
302601.733673836	4124023.34596586	
302601.864134456	4124023.98682382	
302602.003205252	4124024.61637711	
302602.13340488	4124025.24613904	
302602.263604492	4124025.87590096	
302602.366929685	4124026.49519275	
302602.416767014	4124027.10464031	
302602.484346638	4124027.7136706	
302602.552448172	4124028.34489296	
302602.621071618	4124028.9983074	
302602.672474683	4124029.67433119	
302602.715528518	4124030.37275568	
302602.758843308	4124031.08227621	
302602.793025995	4124031.78090934	
302602.818337538	4124032.47975111	
302602.896614976	4124033.16624503	
302602.956889165	4124033.84206019	
302603.026034489	4124034.51766671	
302603.104311906	4124035.20416064	
302603.191721411	4124035.90154198	
302603.279913783	4124036.63221143	
302603.368367105	4124037.37397691	
302603.466474427	4124038.14882189	
302603.565103654	4124038.94585894	
302603.655122694	4124039.75420066	
302603.754534772	4124040.58452582	
302603.863339887	4124041.43683444	
302603.963534815	4124042.30044772	
302604.109652574	4124043.607068	
302604.183755995	4124044.49349926	
302604.249249237	4124045.3912352	
302604.226032641	4124046.66853138	
302604.307963346	4124047.51036986	
302604.333274831	4124048.20921164	
302604.423293774	4124049.01755337	
302604.496092375	4124049.84850445	
302604.612463713	4124050.64512425	
302604.719963911	4124051.44195268	
302604.835813301	4124052.21638041	
302604.969665878	4124053.00148692	
302605.085254278	4124053.76481861	
302605.183100427	4124054.52856757	
302605.308081833	4124055.31388271	
302605.406188912	4124056.08872771	
302605.530387416	4124056.84075474	
302605.629538298	4124057.65998389	
302605.719296137	4124058.4572296	
302605.755305367	4124059.23353503	
302605.872720359	4124060.074539	
302605.962217215	4124060.86068868	
302606.068934368	4124061.62422902	
302606.238271198	4124062.40850102	
302606.300893725	4124063.18418055	
302606.25419241	4124063.84030723	
302606.287592041	4124064.50565228	
302606.331950435	4124065.259557	
302606.321516443	4124065.94813728	
302606.258377733	4124066.66016142	
302606.222111873	4124067.00518177	
302606.14931921	4124067.68412643	
302606.165758078	4124068.00570291	
302606.16393427	4124068.68297852	
302606.269606093	4124069.02466077	
302606.357013788	4124069.34456821	
302606.329097134	4124069.66718785	
302606.300919528	4124069.97871145	
302606.290484128	4124070.28981779	
302606.334058216	4124070.63296046	
302606.367979776	4124071.32049759	
302606.420426411	4124072.04090557	
302606.437388641	4124072.76214808	
302606.454872788	4124073.50558266	
302606.447570346	4124074.32731541	
302606.404261607	4124075.12769061	
302606.404784985	4124075.52735663	
302606.378957501	4124076.31621853	
302606.414183865	4124077.05923585	
302606.361221198	4124077.82653157	
302606.308257066	4124078.21635334	
302606.335132786	4124078.60429743	
302606.362270943	4124079.3808115	
302606.478380982	4124080.1663353	
302606.488559824	4124080.97655476	
302606.489866098	4124081.4095089	
302606.543094125	4124081.78573106	
302606.60623707	4124082.20612874	
302606.615892516	4124082.61668217	
302606.617720707	4124083.07182839	
302606.543885923	4124084.08386286	
302606.545976577	4124084.92757906	
302606.628167971	4124085.78051363	
302606.557202279	4124086.53713058	
302606.584340456	4124087.31364466	
302606.603129466	4124088.11255945	
302606.622179438	4124088.92257028	
302606.649578578	4124089.71018041	
302606.705156714	4124090.56374087	
302606.761517724	4124091.45058945	
302606.700467028	4124092.25138193	
302606.69290226	4124092.68454471	
302606.694730491	4124093.13969093	
302606.643072824	4124093.96246686	
302606.618028404	4124094.7846169	
302606.609158859	4124095.16229949	
302606.582287742	4124095.90677725	
302606.572896286	4124096.26226776	
302606.55489626	4124097.0065369	
302606.545767314	4124097.7505974	
302606.500891576	4124098.10692244	
302606.535333579	4124098.43917771	
302606.597693596	4124098.82628728	
302606.667882389	4124099.54627802	
302606.693715822	4124100.26731192	
302606.674671986	4124100.9671969	
302606.64597421	4124101.6340024	
302606.61857968	4124101.97881414	
302606.694245505	4124102.17687378	
302606.699986616	4124102.42098664	
302606.671287293	4124102.71031819	
302606.672593652	4124103.14327234	
302606.669985617	4124103.40978591	
302606.668421423	4124103.72068363	
302606.667640107	4124104.06486947	
302606.667902634	4124104.45343947	
302606.650423028	4124104.84242673	
302606.642858333	4124105.27558952	
302606.63581556	4124105.73094439	
302606.638165773	4124106.2082827	
302606.623817702	4124106.73042243	
302606.64521485	4124107.26282367	
302606.656697094	4124107.75104939	
302606.668179339	4124108.23927511	
302606.670268602	4124108.70551739	
302606.699492973	4124109.19332584	
302606.719324361	4124109.65915085	
302606.729501809	4124110.09189638	
302606.757160418	4124110.5131286	
302606.802561145	4124110.93394355	
302606.82056581	4124111.32209629	
302606.847180575	4124111.69894436	
302606.900408514	4124112.07516653	
302606.952853569	4124112.41810058	
302607.032172755	4124112.77150477	
302607.137061267	4124113.07989891	
302607.268041024	4124113.36547508	
302607.398498853	4124113.62885918	
302607.511475522	4124113.90375657	
302607.615059209	4124114.15667052	
302607.71838193	4124114.39848844	
302607.821182729	4124114.61811427	
302607.95033573	4124114.82601818	
302608.08809882	4124115.02261741	
302608.225339987	4124115.19702457	
302608.459118919	4124115.32475264	
302608.56974691	4124115.49978569	
302608.716120073	4124115.68508027	
302608.88936735	4124115.88084499	
302609.090010654	4124116.10927195	
302609.336053046	4124116.38103991	
302609.625928775	4124116.62957266	
302609.977901861	4124116.87664501	
302610.354922348	4124117.05651525	
302610.722810809	4124117.2254981	
302611.072957151	4124117.39489822	
302611.423103477	4124117.56429836	
302611.746375677	4124117.72322835	
302612.06051586	4124117.87127094	
302612.374395076	4124118.0082175	
302612.697145333	4124118.14495545	
302612.993282426	4124118.28231929	
302613.271416452	4124118.40900435	
302613.567292573	4124118.53527217	
302613.863168684	4124118.66154	
302614.149651832	4124118.76582439	
302614.428046774	4124118.90360553	
302614.715312757	4124119.04117805	
302614.99344673	4124119.16786317	
302615.261926796	4124119.2614688	
302615.539277904	4124119.35486582	
302615.807497006	4124119.43737543	
302616.075455155	4124119.50878901	
302616.3697655	4124119.56848069	
302616.700864779	4124119.68281809	
302617.049184253	4124119.77454617	
302617.397242774	4124119.85517824	
302617.780524538	4124119.92387979	
302618.155457136	4124120.01498206	
302618.520474894	4124120.06190881	
302618.92123779	4124120.11909713	
302619.33034984	4124120.15388478	
302619.739200942	4124120.17757641	
302620.130048998	4124120.19058925	
302620.512026002	4124120.20381074	
302620.920616151	4124120.21640638	
302621.365212378	4124120.25035965	
302621.845031856	4124120.27238245	
302622.31598028	4124120.29461388	
302622.777274831	4124120.28376584	
302623.229698333	4124120.27312644	
302623.682643712	4124120.28467914	
302624.126457101	4124120.28534444	
302624.588012586	4124120.28559254	
302625.093923313	4124120.2847976	
302625.6350573	4124120.27207219	
302626.194194319	4124120.27002564	
302626.734806434	4124120.23510823	
302627.266547502	4124120.20039946	
302627.807420554	4124120.17657816	
302628.321941394	4124120.16447876	
302628.747490812	4124120.14336945	
302628.95361239	4124120.22733974	
302629.157385583	4124120.21144569	
302629.520837655	4124120.19179668	
302629.760355974	4124120.18616425	
302630.043968608	4124120.16839274	
302630.353933458	4124120.13889938	
302630.885935461	4124120.11528689	
302631.275739755	4124120.08391609	
302631.683286148	4124120.05212811	
302632.126316739	4124120.01950572	
302632.613702577	4124119.98584032	
302633.101088417	4124119.95217496	
302633.613782777	4124119.86240361	
302634.134565423	4124119.73913558	
302634.62795216	4124119.58320527	
302635.111946018	4124119.40529153	
302635.587068845	4124119.22758641	
302636.044710514	4124119.06139456	
302636.466085235	4124118.86274902	
302636.887981817	4124118.68629559	
302637.282743424	4124118.4882759	
302637.69498623	4124118.278743	
302638.061308285	4124118.00367688	
302638.381709594	4124117.66307754	
302638.684629745	4124117.33399145	
302638.987028084	4124116.9827133	
302639.298558418	4124116.6423226	
302639.582953787	4124116.28036563	
302639.867871014	4124115.94060075	
302640.143395378	4124115.5788524	
302640.391523857	4124115.18444174	
302640.62999856	4124114.75695156	
302640.831423577	4124114.26371955	
302641.033892281	4124113.8148717	
302641.135126641	4124113.59044778	
302641.292979186	4124113.13154688	
302641.370470414	4124112.65233127	
302641.402823625	4124112.14087052	
302641.414042876	4124111.86305237	
302641.437264126	4124111.34070419	
302641.469095525	4124110.80705137	
302641.491794957	4124110.26251111	
302641.4852721	4124109.98511015	
302641.471443645	4124109.39702012	
302641.474835484	4124108.78632082	
302641.469878096	4124108.19802219	
302641.464920709	4124107.60972357	
302641.460485153	4124107.04361702	
302641.44665671	4124106.45552699	
302641.441438418	4124105.85613233	
302641.453179515	4124105.22303236	
302641.455266813	4124104.55685288	
302641.449004876	4124103.91307406	
302641.487620103	4124103.29044435	
302641.561458692	4124102.65588422	
302641.609466835	4124102.05523799	
302641.612075994	4124101.41125058	
302641.632427295	4124100.76684598	
302641.653822257	4124100.16682554	
302641.674956313	4124099.55570906	
302641.696351288	4124098.95568862	
302641.700265041	4124098.36718141	
302641.695307726	4124097.77888279	
302641.672869181	4124097.2020974	
302641.659301709	4124096.62510342	
302641.654083489	4124096.02570877	
302641.657736345	4124095.42610552	
302641.679914093	4124094.8593732	
302641.702091849	4124094.29264088	
302641.7334016	4124093.736796	
302641.76392862	4124093.14766301	
302641.803065814	4124092.54722538	
302641.833071027	4124091.93590032	
302641.84533409	4124091.32499244	
302641.839854999	4124090.71450176	
302641.817155577	4124090.12662034	
302641.794195242	4124089.52764288	
302641.797065415	4124088.89475152	
302641.817677758	4124088.26144298	
302641.847422103	4124087.63902188	
302641.868556285	4124087.02790541	
302641.897778822	4124086.38329224	
302641.926740456	4124085.72758303	
302641.94604828	4124085.0387943	
302641.982837372	4124084.33849234	
302642.018843743	4124083.60490228	
302642.036586126	4124082.84953732	
302642.045457432	4124082.09438096	
302642.044414009	4124081.29504905	
302642.043370594	4124080.49571713	
302642.033717006	4124079.70768985	
302642.015453241	4124078.9309672	
302642.006321482	4124078.16513199	
302642.00527809	4124077.36580008	
302641.995363608	4124076.56667677	
302641.993798407	4124075.74515278	
302641.984144712	4124075.33459938	
302641.964315505	4124074.49130051	
302641.961706676	4124073.62539238	
302641.941616567	4124072.77099747	
302641.939790336	4124072.31585133	
302641.936137882	4124071.40555904	
302641.941095627	4124070.48396213	
302641.946836111	4124069.59565333	
302641.986234646	4124068.6288379	
302641.999280797	4124067.67374428	
302642.06790178	4124066.81726345	
302642.145393888	4124065.96057403	
302642.243237329	4124065.21442779	
302642.359083915	4124064.47896042	
302642.375261067	4124063.65701926	
302642.353866521	4124062.74714418	
302642.360650762	4124061.90321954	
302642.37682794	4124061.08127839	
302642.349171389	4124060.28257228	
302642.338996155	4124059.47235294	
302642.32829911	4124058.63994153	
302642.318384794	4124057.84081824	
302642.300382095	4124057.07519165	
302642.274291009	4124056.34306177	
302642.328300881	4124055.62015059	
302642.390920977	4124054.88593478	
302642.453801999	4124054.16281502	
302642.464499955	4124053.48533095	
302642.492940157	4124052.80742971	
302642.503638128	4124052.12994565	
302642.523989951	4124051.48554111	
302642.552691086	4124050.8187359	
302642.572260202	4124050.14104325	
302642.574608894	4124049.48595986	
302642.568347374	4124048.8421811	
302642.562085858	4124048.19840234	
302642.538082096	4124047.55504077	
302642.496857897	4124046.93428845	
302642.455633696	4124046.31353613	
302642.422236991	4124045.64819107	
302642.397450505	4124044.97154139	
302642.381535148	4124044.29468311	
302642.374490924	4124043.61761624	
302642.385449869	4124042.95122823	
302642.396147914	4124042.27374418	
302642.424588228	4124041.59584294	
302642.452767645	4124040.90684567	
302642.463204807	4124040.21826559	
302642.473641974	4124039.5296855	
302642.457726651	4124038.85282723	
302642.442333145	4124038.19816103	
302642.426939641	4124037.54349484	
302642.402414095	4124036.8779412	
302642.378410365	4124036.23457963	
302642.354406636	4124035.59121806	
302642.330924719	4124034.97004857	
302642.307703711	4124034.35997512	
302642.284482702	4124033.74990167	
302642.270393741	4124033.15071566	
302642.256826596	4124032.57372173	
302642.278744018	4124031.99589343	
302642.283180069	4124031.42957835	
302642.296487267	4124030.86305468	
302642.327797662	4124030.30720987	
302642.33275554	4124029.76308687	
302642.228650625	4124029.11050659	
302642.251872607	4124028.58815849	
302642.267267073	4124028.11040311	
302642.291271783	4124027.62134312	
302642.315798312	4124027.1544752	
302642.328061579	4124026.92104123	
302642.367721005	4124026.72026961	
302642.39511751	4124026.3754581	
302642.407380782	4124026.14202414	
302642.409990189	4124025.87551066	
302642.420948933	4124025.58659651	
302642.431124962	4124025.26439426	
302642.440518275	4124024.90890389	
302642.457739118	4124024.50882078	
302642.474177247	4124024.07544956	
302642.490093568	4124023.61988628	
302642.505488082	4124023.14213091	
302642.520099885	4124022.63108744	
302642.507576425	4124022.09847766	
302642.494009345	4124021.52148374	
302642.498184573	4124020.94407263	
302642.501837993	4124020.34446945	
302642.469484991	4124019.72350857	
302642.471051176	4124019.03513709	
302642.462963497	4124018.3136861	
302642.454875821	4124017.59223511	
302642.472097096	4124016.81467816	
302642.463226716	4124016.05993906	
302642.445224276	4124015.29431252	
302642.435310285	4124014.49518927	
302642.479927787	4124013.75029466	
302642.487495229	4124012.9396582	
302642.467144668	4124012.07416733	
302642.43870566	4124011.24217316	
302642.419137819	4124010.40997039	
302642.400091791	4124009.59995971	
302642.389916932	4124008.78974043	
302642.432708175	4124007.96717357	
302642.432187212	4124007.19003382	
302642.388614931	4124006.4694172	
302642.37113435	4124005.72598274	
302642.353392866	4124004.97145224	
302642.344522557	4124004.21671315	
302642.345045232	4124003.48395755	
302642.354178181	4124002.73989732	
302642.372704118	4124002.01782057	
302642.382880698	4124001.31814449	
302642.401667555	4124000.60716378	
302642.429064693	4123999.88487845	
302642.465854823	4123999.1845766	
302642.511516143	4123998.48406616	
302642.566309556	4123997.79444317	
302642.586140076	4123997.12784662	
302642.597360327	4123996.47255469	
302642.590838226	4123995.81767994	
302642.575444947	4123995.16301378	
302642.56005167	4123994.50834762	
302642.545441104	4123993.88696957	
302642.53083054	4123993.26559152	
302642.525352063	4123992.65510092	
302642.51126331	4123992.05591495	
302642.490129693	4123991.53460982	
302642.477084553	4123990.979808	
302642.464039414	4123990.42500617	
302642.442123091	4123989.87041293	
302642.438210044	4123989.32649856	
302642.425686716	4123988.7938888	
302642.413163388	4123988.26127905	
302642.392029776	4123987.73997393	
302642.380028256	4123987.22955625	
302642.359416451	4123986.7304432	
302642.338804645	4123986.23133014	
302642.327324932	4123985.74310454	
302642.297841938	4123985.24420008	
302642.27696923	4123984.73399099	
302642.24722533	4123984.2239905	
302642.218264138	4123983.74727811	
302642.189302945	4123983.27056572	
302642.169473845	4123982.80474078	
302642.14990565	4123982.35001188	
302642.130337454	4123981.89528297	
302642.102419869	4123981.46295473	
302642.075024087	4123981.05281857	
302642.056499499	4123980.64247381	
302642.03875762	4123980.26541716	
302642.011883641	4123979.87747307	
302641.985270564	4123979.50062501	
302641.958918388	4123979.13487299	
302641.932827115	4123978.780217	
302641.924739139	4123978.43623988	
302641.899430571	4123978.114872	
302641.865250803	4123977.79371272	
302641.831071033	4123977.47255343	
302641.788541869	4123977.17379481	
302641.728009399	4123976.86435733	
302641.640602422	4123976.54444958	
302641.526320936	4123976.21407157	
302641.430042747	4123975.89437242	
302641.333242745	4123975.55248119	
302641.236442737	4123975.21058996	
302641.139903625	4123974.87979478	
302641.033710593	4123974.51592007	
302640.927256651	4123974.14094933	
302640.820802701	4123973.76597859	
302640.704955732	4123973.36902437	
302640.579715741	4123972.95008667	
302640.445082729	4123972.50916549	
302640.300795786	4123972.03516479	
302640.155987021	4123971.53897203	
302640.02083216	4123971.07585878	
302639.876284272	4123970.59076205	
302639.71321124	4123970.0727944	
302639.559270304	4123969.5657142	
302639.397240858	4123969.0921307	
302639.244082605	4123968.61833861	
302639.082053127	4123968.14475512	
302638.911935141	4123967.70466832	
302638.742338949	4123967.28677361	
302638.581874859	4123966.87976634	
302638.413061357	4123966.49515974	
302638.243726027	4123966.08836107	
302638.101265225	4123965.69203266	
302637.941583799	4123965.31831351	
302637.773292054	4123964.95589899	
302637.596650897	4123964.61588514	
302637.438013061	4123964.28655015	
302637.270764907	4123963.96851978	
302637.094906435	4123963.66179405	
302636.91904795	4123963.35506833	
302636.752582483	4123963.07032608	
302636.586638824	4123962.80777591	
302636.402169997	4123962.51235483	
302636.226311466	4123962.20562911	
302636.041581707	4123961.899112	
302635.857373754	4123961.61478696	
302635.663511844	4123961.29738241	
302635.460778703	4123960.98018646	
302635.267699494	4123960.69607003	
302635.065227235	4123960.38997013	
302634.87162618	4123960.08366163	
302634.668892983	4123959.7664657	
302634.4752919	4123959.46015721	
302634.281690804	4123959.15384873	
302634.079218476	4123958.84774884	
302633.895010396	4123958.56342384	
302633.692277128	4123958.24622793	
302633.498936891	4123957.9510155	
302633.296986332	4123957.66710771	
302633.121127597	4123957.36038205	
302633.016499533	4123957.06308365	
302632.840640777	4123956.756358	
302632.665564748	4123956.48292046	
302632.49074962	4123956.22057897	
302632.307324174	4123955.96954211	
302632.13276994	4123955.71829665	
302631.958476609	4123955.47814723	
302631.792793577	4123955.22669319	
302631.617978399	4123954.9643517	
302631.460383829	4123954.67940095	
302631.303050164	4123954.40554624	
302631.154848629	4123954.14257897	
302630.997514944	4123953.86872426	
302630.849052476	4123953.59466096	
302630.691718774	4123953.32080626	
302630.570130878	4123953.05721319	
302630.439932665	4123952.80492477	
302630.318344756	4123952.54133171	
302630.197278672	4123952.29993072	
302630.057687379	4123952.02565883	
302629.917835162	4123951.7402909	
302629.786854164	4123951.45471438	
302629.664744385	4123951.16892925	
302629.551766743	4123950.89403156	
302629.439050011	4123950.63022991	
302629.31772296	4123950.3777329	
302629.213355611	4123950.09153058	
302629.109249171	4123949.81642429	
302628.996532413	4123949.55262264	
302628.901819025	4123949.29949983	
302628.815976861	4123949.04616842	
302628.730656528	4123948.81502908	
302628.663339568	4123948.59456857	
302628.587412293	4123948.3854127	
302628.511745933	4123948.18735287	
302628.45382203	4123947.98887583	
302628.347889121	4123947.6360973	
302628.240651614	4123947.22783859	
302628.172551879	4123946.97408998	
302628.10445214	4123946.72034136	
302628.036613316	4123946.47768879	
302627.977645722	4123946.23482761	
302627.91919996	4123946.0141585	
302627.851882963	4123945.793698	
302627.793698116	4123945.58412493	
302627.726120195	4123945.35256839	
302627.657237678	4123945.06553167	
302627.57035177	4123944.76781612	
302627.501730164	4123944.49187545	
302627.424498238	4123944.2272394	
302627.338395072	4123943.96281197	
302627.271078047	4123943.74235147	
302627.193846109	4123943.47771543	
302627.077737274	4123943.06966533	
302627.001027164	4123942.82722137	
302626.896398742	4123942.52992304	
302626.800119713	4123942.21022403	
302626.703840678	4123941.89052502	
302626.607561635	4123941.57082601	
302626.511804426	4123941.27331908	
302626.424918451	4123940.97560354	
302626.329422149	4123940.68919264	
302626.251929241	4123940.41346057	
302626.15721569	4123940.16033779	
302626.071373373	4123939.9070064	
302625.994402292	4123939.65346641	
302625.925519685	4123939.3664297	
302625.820369352	4123939.04693931	
302625.70582593	4123938.70546544	
302625.638508832	4123938.48500496	
302625.552666488	4123938.23167357	
302625.475434458	4123937.96703755	
302625.380981783	4123937.7250108	
302625.286790023	4123937.4940801	
302625.201730422	4123937.27403682	
302625.125542061	4123937.05378495	
302625.049353695	4123936.83353307	
302624.98229749	4123936.62416862	
302624.866971245	4123936.24940666	
302624.762342686	4123935.95210835	
302624.657453197	4123935.64371401	
302624.487073008	4123935.19253144	
302624.401230602	4123934.93920006	
302624.334435292	4123934.74093165	
302624.210759598	4123934.38857038	
302624.125699944	4123934.16852712	
302624.021854104	4123933.90451692	
302623.916964571	4123933.59612258	
302623.79381069	4123933.26595339	
302623.661263709	4123932.91380073	
302623.509930532	4123932.51768114	
302623.349204248	4123932.09957809	
302623.16160328	4123931.67100483	
302622.973741373	4123931.23133554	
302622.785879447	4123930.79166625	
302622.636372665	4123930.47321893	
302622.523133644	4123930.18722528	
302622.373104995	4123929.84658589	
302622.270302756	4123929.62695986	
302622.166978661	4123929.38514176	
302622.035997111	4123929.09956534	
302621.886490275	4123928.78111803	
302621.727590327	4123928.44068726	
302621.549904162	4123928.05628957	
302621.36282488	4123927.64990841	
302621.175223729	4123927.22133519	
302620.978751307	4123926.79297058	
302620.791411048	4123926.3754934	
302620.595460442	4123925.96932087	
302620.455868466	4123925.69504912	
302620.361415534	4123925.45302243	
302620.221040763	4123925.14546257	
302620.127109674	4123924.92562795	
302620.005782032	4123924.67313106	
302619.791827916	4123924.25627973	
302619.632927812	4123923.91584899	
302619.464373655	4123923.54233876	
302619.371225315	4123923.35579226	
302619.166142396	4123922.93873234	
302618.960537602	4123922.49948034	
302618.745539672	4123922.03824489	
302618.633865998	4123921.81882751	
302618.419389893	4123921.37978414	
302618.307455274	4123921.14927073	
302618.222134431	4123920.91813148	
302618.05384109	4123920.55571732	
302617.941645523	4123920.31410787	
302617.802314309	4123920.05093219	
302617.644196845	4123919.7437896	
302617.467814988	4123919.41487216	
302617.281779066	4123919.05287523	
302617.086350007	4123918.66889485	
302616.881266878	4123918.25183497	
302616.622173356	4123917.80273867	
302616.398825795	4123917.36390397	
302616.18513227	4123916.95814875	
302615.980309992	4123916.55218494	
302615.85037179	4123916.31099274	
302615.756962369	4123916.11335024	
302615.599105699	4123915.81730372	
302615.478821537	4123915.60919102	
302615.357754575	4123915.36779023	
302615.209291009	4123915.09372717	
302615.060305571	4123914.79747204	
302614.892272923	4123914.44615396	
302614.723718399	4123914.07264381	
302614.572123596	4123913.66542833	
302614.411135645	4123913.23622939	
302614.249103946	4123912.76264632	
302614.112903239	4123912.25514928	
302614.011404796	4123911.71352968	
302613.926866082	4123911.13820474	
302613.815191681	4123910.54131358	
302613.70247353	4123909.90003827	
302613.598365706	4123909.24745831	
302613.493475068	4123908.56159025	
302613.396933823	4123907.8533215	
302613.309002908	4123907.1337481	
302613.238814534	4123906.41375746	
302613.169148023	4123905.7159589	
302613.100003372	4123905.04035241	
302613.039729994	4123904.3645373	
302613.015202659	4123903.69898377	
302612.946579863	4123903.04556935	
302612.86073637	4123902.41476424	
302612.766282522	4123901.79526379	
302612.689571226	4123901.1753461	
302612.613381792	4123900.57762048	
302612.536409547	4123899.94660676	
302612.396816444	4123899.29486129	
302612.248612974	4123898.65442047	
302612.118412991	4123898.02465845	
302611.997345211	4123897.40578386	
302611.867406131	4123896.78711789	
302611.728334815	4123896.1575645	
302611.606484185	4123895.5054018	
302611.448104648	4123894.80968943	
302611.262328415	4123894.08131482	
302611.103166024	4123893.35231435	
302610.944264546	4123892.63440992	
302610.777013629	4123891.93890619	
302610.61941679	4123891.27648194	
302610.470691221	4123890.61384908	
302610.321965635	4123889.95121622	
302610.17402284	4123889.32187147	
302609.990855786	4123888.70445724	
302609.790207055	4123888.09855628	
302609.598429595	4123887.49244671	
302609.416045283	4123886.9083206	
302609.242793182	4123886.3350819	
302609.07841236	4123885.76163459	
302608.914553394	4123885.21037935	
302608.724341453	4123884.67084601	
302608.534912304	4123884.16460078	
302608.354615374	4123883.66924297	
302608.139094163	4123883.18581569	
302607.888609604	4123882.72541496	
302607.629775597	4123882.28741494	
302607.388945107	4123881.86009371	
302607.130632931	4123881.44428577	
302606.898673698	4123881.01675594	
302606.658365021	4123880.6116268	
302606.418317263	4123880.21759371	
302606.178530425	4123879.83465666	
302605.947875813	4123879.46260702	
302605.716438355	4123879.05726929	
302605.475607688	4123878.62994811	
302605.226166633	4123878.2139316	
302604.994729111	4123877.80859388	
302604.763813453	4123877.42544824	
302604.55064039	4123877.04188536	
302604.355470866	4123876.66900127	
302604.160301326	4123876.29611718	
302603.96513177	4123875.9232331	
302603.779094451	4123875.56123643	
302603.61106068	4123875.20991854	
302603.42554522	4123874.87011395	
302603.266643676	4123874.52968348	
302603.099131755	4123874.20055768	
302602.940752078	4123873.88231929	
302602.80011501	4123873.56366365	
302602.650867568	4123873.25631268	
302602.519623683	4123872.95964049	
302602.397772992	4123872.68495174	
302602.28583739	4123872.45443852	
302602.163464795	4123872.1575577	
302602.07866501	4123871.94861067	
302601.966468444	4123871.70700141	
302601.835746408	4123871.4325213	
302601.695631158	4123871.13605775	
302601.536990431	4123870.80672335	
302601.368695538	4123870.44430947	
302601.20144442	4123870.12627974	
302601.033149501	4123869.76386586	
302600.845546255	4123869.33529304	
302600.604715095	4123868.90797199	
302600.353968805	4123868.43647543	
302600.076086641	4123867.94341269	
302599.82455745	4123867.43862804	
302599.581377651	4123866.91144269	
302599.310540072	4123866.3404991	
302599.011783754	4123865.71470122	
302598.695284754	4123865.08932062	
302598.36130402	4123864.47545332	
302598.009319649	4123863.85090726	
302597.629938407	4123863.193699	
302597.24194674	4123862.54779543	
302596.853955015	4123861.90189187	
302596.483966836	4123861.2666671	
302596.12311088	4123860.64232974	
302595.771648106	4123860.03997584	
302595.446277357	4123859.41480398	
302595.121167515	4123858.80072817	
302594.814061238	4123858.19733113	
302594.506954922	4123857.5939341	
302594.217852176	4123857.00121585	
302593.894046941	4123856.44262026	
302593.579112996	4123855.88381604	
302593.282182628	4123855.33569059	
302592.993862599	4123854.77626049	
302592.714674823	4123854.22771779	
302592.44488026	4123853.70115854	
302592.157342999	4123853.17501656	
302591.842408832	4123852.6162124	
302591.545739208	4123852.07918305	
302591.267073178	4123851.55283246	
302590.988407114	4123851.02648189	
302590.710001979	4123850.51122736	
302590.431596809	4123849.99597283	
302590.171456202	4123849.50249311	
302589.902444229	4123849.00922204	
302589.650913942	4123848.50443765	
302589.400166509	4123848.03294139	
302589.149680011	4123847.57254116	
302588.898932524	4123847.10104491	
302588.630442333	4123846.62996594	
302588.360908266	4123846.11450284	
302588.100767433	4123845.62102317	
302587.832016192	4123845.13884819	
302587.571875303	4123844.64536854	
302587.303124004	4123844.16319358	
302587.068292269	4123843.61360784	
302586.816761674	4123843.10882353	
302586.575668178	4123842.6704068	
302586.307438697	4123842.21042393	
302586.030337841	4123841.75064972	
302585.780372926	4123841.31244165	
302585.502750085	4123840.83047538	
302585.215733937	4123840.32652569	
302584.910192165	4123839.78970519	
302584.596039973	4123839.26418938	
302584.291020061	4123838.74956097	
302584.003742811	4123838.23451528	
302583.725858811	4123837.74145303	
302583.448496717	4123837.27058285	
302583.170612657	4123836.77752062	
302582.865592576	4123836.26289225	
302582.559267618	4123835.69278372	
302582.263118817	4123835.17794673	
302581.984973658	4123834.67378849	
302581.688563821	4123834.14785549	
302581.373628331	4123833.58905168	
302581.049299506	4123833.00826446	
302580.688963277	4123832.40611976	
302580.354719123	4123831.78115707	
302580.064831707	4123831.15515115	
302579.749635039	4123830.58525136	
302579.435221248	4123830.04863968	
302579.138811107	4123829.52270676	
302578.842661906	4123829.00786987	
302578.537641311	4123828.49324165	
302578.232359706	4123827.9675174	
302578.017096543	4123827.49518684	
302577.852453542	4123827.28811787	
302577.703726437	4123827.00295936	
302577.593094511	4123826.82792661	
302577.472547321	4123826.60871836	
302577.333996427	4123826.37883138	
302577.177702802	4123826.14936171	
302577.02923663	4123825.87529925	
302576.852851484	4123825.54638256	
302576.640197948	4123825.18501238	
302576.427022441	4123824.80145013	
302576.204192624	4123824.38480844	
302575.971969468	4123823.94618333	
302575.730352973	4123823.48557481	
302575.461600402	4123823.00340018	
302575.175105072	4123822.52164287	
302574.879216386	4123822.01790215	
302574.573151411	4123821.45888991	
302574.258476009	4123820.91118238	
302573.916142549	4123820.31971667	
302573.564415715	4123819.70626757	
302573.212949812	4123819.10391451	
302572.861483862	4123818.50156146	
302572.528021587	4123817.90988716	
302572.212823972	4123817.33998762	
302571.889015926	4123816.78139278	
302571.601215294	4123816.2441554	
302571.313153646	4123815.69582199	
302571.051967067	4123815.15795866	
302570.808523205	4123814.61967801	
302570.556729905	4123814.10379811	
302570.314068936	4123813.59880558	
302570.071146956	4123813.08271703	
302569.800827868	4123812.53396635	
302569.565472288	4123811.96218897	
302569.285759791	4123811.3914549	
302569.015440605	4123810.84270424	
302568.727639613	4123810.30546695	
302568.440099572	4123809.7793257	
302568.100375157	4123809.29882056	
302567.752040311	4123808.82962013	
302567.439451939	4123808.37068111	
302567.152694719	4123807.87782801	
302566.883680232	4123807.38455759	
302566.623276111	4123806.87998248	
302566.34460722	4123806.35363264	
302566.056805923	4123805.81639543	
302565.768221627	4123805.24587012	
302565.47076591	4123804.67555348	
302565.155567382	4123804.10565418	
302564.868287921	4123803.59060908	
302564.563004664	4123803.06488527	
302564.265548798	4123802.49456867	
302563.923474963	4123801.91419937	
302563.64532774	4123801.41004167	
302563.421974768	4123800.97120821	
302563.118257284	4123800.51206066	
302562.850547314	4123800.07427054	
302562.610234464	4123799.66914253	
302562.369138617	4123799.23072643	
302562.091774201	4123798.75985688	
302561.814409756	4123798.28898735	
302561.555310053	4123797.83989256	
302561.287599925	4123797.40210248	
302561.037632557	4123796.96389507	
302560.787143177	4123796.5034956	
302560.536392777	4123796.0320001	
302560.304690113	4123795.61556745	
302560.072726434	4123795.18803877	
302559.822758945	4123794.74983139	
302559.582445815	4123794.34470346	
302559.359875456	4123793.9391582	
302559.119301287	4123793.52293425	
302558.870116694	4123793.11801501	
302558.630064473	4123792.72398314	
302558.407494031	4123792.3184379	
302558.184662571	4123791.90179663	
302557.925823498	4123791.46379798	
302557.657069009	4123790.98162386	
302557.388053492	4123790.48835371	
302557.083291343	4123789.98482222	
302556.804882366	4123789.46956869	
302556.536388754	4123788.99849064	
302556.28615992	4123788.54918733	
302556.03619206	4123788.11098005	
302555.777352771	4123787.67298146	
302555.509642053	4123787.23519155	
302555.259935119	4123786.80808033	
302555.010228159	4123786.38096912	
302554.751649772	4123785.95406659	
302554.47585055	4123785.54977348	
302554.200312306	4123785.15657642	
302553.950605249	4123784.72946524	
302553.682894352	4123784.29167538	
302553.415705435	4123783.87607759	
302553.148516492	4123783.46047982	
302552.881588527	4123783.05597808	
302552.597700731	4123782.68518182	
302552.314073915	4123782.3254816	
302552.021575666	4123781.96599006	
302551.755952628	4123781.61696853	
302551.481719163	4123781.27925173	
302551.216618093	4123780.95242229	
302550.943167603	4123780.64799361	
302550.670239107	4123780.36575701	
302550.38843918	4123780.0837291	
302550.124643066	4123779.81237987	
302549.861107942	4123779.55212669	
302549.598094817	4123779.31406558	
302549.326471271	4123779.0873092	
302549.063980133	4123778.87144018	
302548.793139584	4123778.67797192	
302548.522560032	4123778.4955997	
302548.269723295	4123778.31281013	
302547.998621701	4123778.10824586	
302547.709777264	4123777.90409896	
302547.420932813	4123777.69995207	
302547.141481784	4123777.51778857	
302546.862030742	4123777.33562509	
302546.573708274	4123777.15367029	
302546.258771545	4123776.97234155	
302545.916959545	4123776.78054284	
302545.565493075	4123776.55566471	
302545.178801935	4123776.34271736	
302544.756625108	4123776.13060477	
302544.316444414	4123775.90781353	
302543.876785723	4123775.70721438	
302543.42903864	4123775.54011205	
302542.991207019	4123775.4171852	
302542.563551882	4123775.34952986	
302542.127286337	4123775.29317926	
302541.699370167	4123775.21442793	
302541.271715006	4123775.14677266	
302540.871718165	4123775.12287548	
302540.489464154	4123775.09856095	
302540.10721014	4123775.07424644	
302539.725478163	4123775.07212401	
302539.37140452	4123775.11375968	
302539.0175919	4123775.1664914	
302538.672389681	4123775.20791841	
302538.327187464	4123775.24934543	
302537.981985248	4123775.29077247	
302537.655047917	4123775.35397421	
302538.04956664	4123775.52232838	
302537.749504592	4123775.59600008	
302537.422567274	4123775.65920183	
302537.104501377	4123775.7221949	
302536.751732888	4123775.81931086	
302536.469674716	4123775.90366126	
302536.205620409	4123775.99869032	
302535.95069855	4123776.10460673	
302535.704648112	4123776.21031446	
302535.485733982	4123776.33758818	
302535.240466635	4123776.47658403	
302535.004331739	4123776.62646722	
302534.77680724	4123776.7650457	
302534.549282749	4123776.90362418	
302534.313408904	4123777.06460343	
302534.086145455	4123777.21427796	
302533.841400212	4123777.37546592	
302533.579434205	4123777.55926335	
302533.308335765	4123777.73217345	
302533.04610875	4123777.90487486	
302532.757528531	4123778.08929841	
302532.486691154	4123778.27330457	
302532.216114819	4123778.46840678	
302531.945016435	4123778.64131693	
302531.674701157	4123778.84751519	
302531.403602795	4123779.02042536	
302531.132765477	4123779.20443157	
302530.861667138	4123779.37734175	
302530.572825983	4123779.55066934	
302530.257892667	4123779.74681511	
302529.950786644	4123779.89836805	
302529.635070252	4123780.06122574	
302529.319353873	4123780.22408344	
302528.942059688	4123780.41059412	
302528.556416178	4123780.6195056	
302528.152768826	4123780.81773846	
302527.792434404	4123780.97054369	
302527.449320746	4123781.10073946	
302526.904513968	4123781.33559973	
302526.50921602	4123781.5114319	
302526.096958383	4123781.7209696	
302525.711053958	4123781.91878518	
302525.324888511	4123782.10550474	
302524.956726943	4123782.30290294	
302524.553601829	4123782.52332806	
302524.141344286	4123782.73286586	
302523.694123205	4123782.96543058	
302523.229420373	4123783.20950878	
302522.773327931	4123783.44228226	
302522.299492697	4123783.67547318	
302521.808697803	4123783.94236965	
302521.326513302	4123784.19796141	
302520.844067784	4123784.44245716	
302520.370754747	4123784.69784027	
302519.897441737	4123784.9532234	
302519.441610524	4123785.19709311	
302519.012393558	4123785.4403367	
302518.600397334	4123785.66097083	
302518.390094051	4123785.77694027	
302518.141955698	4123785.79388024	
302517.826500788	4123785.96783443	
302517.616458573	4123786.09489993	
302517.370930735	4123786.22280029	
302517.090700433	4123786.38482362	
302516.775245566	4123786.55877785	
302516.433437543	4123786.74445426	
302516.056927069	4123786.96425366	
302515.671545209	4123787.18426179	
302515.251199852	4123787.42729688	
302514.777887141	4123787.68268031	
302514.305357623	4123787.97135189	
302513.777250206	4123788.16141146	
302513.241054576	4123788.3849679	
302512.678244761	4123788.60915053	
302512.132916723	4123788.82181972	
302511.595937997	4123789.01208815	
302511.110621364	4123789.13452809	
302510.890663681	4123789.21741833	
302510.634437207	4123789.26785536	
302510.122767447	4123789.40201755	
302509.619969107	4123789.53597105	
302509.089512322	4123789.6261666	
302508.692126599	4123789.71323135	
302508.072955798	4123789.80551419	
302507.486921044	4123789.79709785	
302506.978640401	4123789.69803474	
302506.463315798	4123789.67685264	
302506.169515216	4123789.63935641	
302505.652885272	4123789.56269418	
302505.143560317	4123789.41924704	
302504.66058849	4123789.26407771	
302504.177355573	4123789.09781237	
302503.711865445	4123788.9311296	
302503.165227307	4123788.71084522	
302502.661118671	4123788.41184498	
302501.987409011	4123788.07242648	
302501.548271923	4123787.8940216	
302501.100002336	4123787.70472944	
302500.660081988	4123787.4930365	
302500.211029137	4123787.27045627	
302499.805027927	4123786.99135223	
302499.399548837	4123786.73444028	
302499.019117493	4123786.41032593	
302498.629814713	4123786.08642033	
302498.240511903	4123785.76251474	
302497.868690804	4123785.42709567	
302497.50521893	4123785.06927581	
302497.150357358	4123784.70015119	
302496.857334546	4123784.3184694	
302496.572660961	4123783.91438682	
302496.305730172	4123783.50988677	
302496.039060437	4123783.11648277	
302495.799265991	4123782.73354861	
302495.576692189	4123782.32800491	
302495.354379447	4123781.93355725	
302495.141199177	4123781.5499969	
302494.928279969	4123781.17753258	
302494.724232157	4123780.80485954	
302494.538188236	4123780.44286506	
302494.361015715	4123780.08066185	
302494.183843179	4123779.71845864	
302494.00693171	4123779.36735148	
302493.830281309	4123779.02734035	
302493.662763392	4123778.69821653	
302493.504116878	4123778.36888397	
302493.336860017	4123778.05085618	
302493.169864228	4123777.74392444	
302493.002868426	4123777.4369927	
302492.836394778	4123777.15225304	
302492.670182202	4123776.87860942	
302492.512579951	4123776.59366102	
302492.345323022	4123776.27563326	
302492.159801079	4123775.9358309	
302491.983411624	4123775.60691584	
302491.807283239	4123775.28909683	
302491.613412002	4123774.97169529	
302491.400753576	4123774.6103271	
302491.178962627	4123774.23807161	
302490.95717166	4123773.86581613	
302490.726770337	4123773.50486543	
302490.504457162	4123773.11041788	
302490.282405053	4123772.72706638	
302490.06974652	4123772.36569821	
302489.857349053	4123772.01542609	
302489.636341233	4123771.67645875	
302489.441947667	4123771.33686519	
302489.137441784	4123770.84443202	
302488.915650647	4123770.47217659	
302488.684465892	4123770.07793783	
302488.453281116	4123769.68369907	
302488.222357408	4123769.30055636	
302487.991433679	4123768.91741366	
302487.760771019	4123768.54536699	
302487.539240855	4123768.18420763	
302487.317971762	4123767.83414431	
302487.105574079	4123767.48387224	
302486.902047808	4123767.13339144	
302486.69878261	4123766.79400668	
302486.504649915	4123766.46550922	
302486.301384688	4123766.12612447	
302486.116384484	4123765.8085143	
302485.931384267	4123765.49090414	
302485.738034789	4123765.19569481	
302485.553295635	4123764.88918069	
302485.359423949	4123764.57177929	
302485.146765019	4123764.21041123	
302484.915841025	4123763.8272686	
302484.675262305	4123763.41104662	
302484.425289943	4123762.97284131	
302484.148181074	4123762.51307017	
302483.861417462	4123762.02021969	
302483.556649857	4123761.51669066	
302483.242749689	4123761.00227436	
302482.937982014	4123760.49874537	
302482.633214304	4123759.99521637	
302482.346189433	4123759.4912699	
302482.068035968	4123758.98711468	
302481.799015003	4123758.49384675	
302481.538865447	4123758.00037009	
302481.287587302	4123757.50668468	
302481.045180568	4123757.01279053	
302480.758416608	4123756.51994014	
302480.453387543	4123756.00531518	
302480.166101324	4123755.49027273	
302479.887947612	4123754.98611757	
302479.591528788	4123754.46018786	
302479.321724257	4123753.9336319	
302479.034699006	4123753.42968552	
302478.739063377	4123752.93704394	
302478.443427715	4123752.44440237	
302478.165796011	4123751.96243934	
302477.888425375	4123751.49157236	
302477.620187256	4123751.03159266	
302477.35194911	4123750.57161298	
302477.110325275	4123750.11100704	
302476.868962517	4123749.66149714	
302476.627860838	4123749.22308328	
302476.395891683	4123748.79555672	
302476.173055057	4123748.37891744	
302475.968222411	4123747.97295669	
302475.754518296	4123747.5672047	
302475.523593469	4123747.18406231	
302475.310411521	4123746.8005024	
302475.097490659	4123746.42803854	
302474.884569778	4123746.05557468	
302474.681042539	4123745.70509415	
302474.376273857	4123745.20156542	
302474.181879135	4123744.86197218	
302473.99687806	4123744.54436225	
302473.812138076	4123744.23784837	
302473.636269532	4123743.93112573	
302473.460923187	4123743.64659517	
302473.294187178	4123743.35075982	
302473.127973371	4123743.07711654	
302472.970631007	4123742.80326451	
302472.813549738	4123742.54050852	
302472.665862129	4123742.29973584	
302472.527045966	4123742.05875441	
302472.379619448	4123741.82907778	
302472.249935832	4123741.59898363	
302472.120513317	4123741.37998552	
302471.972825669	4123741.13921286	
302471.815744342	4123740.87645688	
302471.649008229	4123740.58062156	
302471.473661753	4123740.29609104	
302471.307186724	4123740.01135176	
302471.140450577	4123739.71551644	
302470.964842961	4123739.41988989	
302470.79810679	4123739.12405458	
302470.622760259	4123738.83952407	
302470.456285177	4123738.55478481	
302470.290071191	4123738.28114158	
302470.132989764	4123738.01838564	
302469.967559087	4123737.77803053	
302469.736633755	4123737.39488827	
302469.588684868	4123737.14301961	
302469.458478893	4123736.89073343	
302469.32853402	4123736.64954328	
302469.198850251	4123736.41944917	
302469.069166475	4123736.18935507	
302468.930350121	4123735.94837369	
302468.782140075	4123735.68540901	
302468.624275226	4123735.38936498	
302468.47554294	4123735.10420822	
302468.326810646	4123734.81905147	
302468.168684656	4123734.51191141	
302468.010558655	4123734.20477135	
302467.861565218	4123733.90851857	
302467.712832884	4123733.62336182	
302467.572972005	4123733.33799632	
302467.442243695	4123733.06351809	
302467.294033558	4123732.80055343	
302467.146084526	4123732.5486848	
302466.998657709	4123732.31900826	
302466.842098307	4123732.07844444	
302466.703804055	4123731.85965517	
302466.574381262	4123731.64065713	
302466.444958463	4123731.4216591	
302466.316057884	4123731.22485315	
302466.204900234	4123731.02762966	
302466.084871113	4123730.83061494	
302465.973974567	4123730.6444875	
302465.854206548	4123730.45856882	
302465.733916297	4123730.25045807	
302465.623019737	4123730.06433063	
302465.512123172	4123729.87820319	
302465.410359185	4123729.70296302	
302465.299723726	4123729.52793163	
302465.096979077	4123729.21073941	
302464.986343606	4123729.03570801	
302464.875447015	4123728.84958058	
302464.773421888	4123728.66324438	
302464.662786403	4123728.48821299	
302464.459780593	4123728.15992475	
302464.266168469	4123727.85361982	
302464.119524849	4123727.65723143	
302463.934784173	4123727.35071774	
302463.833020128	4123727.17547759	
302463.612010196	4123726.83651086	
302463.492503192	4123726.66168825	
302463.381867657	4123726.48665687	
302463.169990281	4123726.15857743	
302463.050222142	4123725.97265879	
302462.912188819	4123725.76496561	
302462.774155488	4123725.55727243	
302462.644732507	4123725.33827446	
302462.515831755	4123725.14146855	
302462.39606359	4123724.95554992	
302462.294038367	4123724.76921375	
302462.200884615	4123724.58266881	
302462.033364521	4123724.25354555	
302461.919595504	4123723.94536175	
302461.824875023	4123723.6922406	
302461.748419727	4123723.46089398	
302461.68135814	4123723.25153067	
302461.631256145	4123723.00846171	
302461.589242267	4123722.73189587	
302461.54644503	4123722.42204192	
302461.518009338	4123722.72246999	
302461.507577718	4123723.03357655	
302461.461399079	4123723.33442216	
302461.396171897	4123723.58020512	
302461.295458819	4123723.82682316	
302461.168131323	4123724.0740675	
302461.058546783	4123724.32089432	
302460.948962251	4123724.56772113	
302460.838855485	4123724.79235588	
302460.719616133	4123725.00610335	
302460.582894958	4123725.23136441	
302460.428169724	4123725.44594698	
302460.300058918	4123725.65990323	
302460.206650649	4123725.8397363	
302460.122374977	4123726.03045663	
302460.023228698	4123726.34365091	
302459.96843979	4123726.65580133	
302459.932438316	4123727.01191836	
302459.923051262	4123727.36740908	
302459.965587427	4123727.66616698	
302460.024822048	4123727.9201232	
302460.102321849	4123728.19585395	
302460.187648631	4123728.42699178	
302460.075968559	4123728.2075763	
302459.94680666	4123727.9996744	
302459.836171063	4123727.82464307	
302459.966377453	4123728.07692911	
302460.105194184	4123728.31791036	
302460.216090891	4123728.50403773	
302460.181381721	4123728.1606869	
302460.074656295	4123727.7746221	
302460.033947984	4123727.55353645	
302460.011243734	4123727.34312929	
302460.003410092	4123727.01024819	
302460.047760798	4123726.63173032	
302460.086895734	4123726.40876573	
302460.134902147	4123726.18559237	
302460.192302277	4123725.98440231	
302460.290665204	4123725.63791993	
302460.337104902	4123725.34817035	
302460.409114544	4123725.01341032	
302460.457382096	4123724.801333	
302460.486601099	4123724.53419303	
302460.515297865	4123724.244861	
302460.526512803	4123723.96704254	
302460.519984792	4123723.68964163	
302460.487103474	4123723.42396306	
302460.436218084	4123723.147606	
302460.349585666	4123722.86098798	
302460.244688047	4123722.55259543	
302460.157794496	4123722.25488137	
302460.07090094	4123721.95716732	
302459.98400738	4123721.65945327	
302459.86136678	4123721.35147826	
302459.711589497	4123721.0219375	
302459.552418481	4123720.67041344	
302459.36584965	4123720.28622759	
302459.161015601	4123719.8802672	
302458.937394085	4123719.43034022	
302458.713250303	4123718.95822118	
302458.47084129	4123718.4643276	
302458.192424079	4123717.94907706	
302457.90487423	4123717.42293925	
302457.616279853	4123716.85241731	
302457.30054874	4123716.26032963	
302456.984817587	4123715.66824195	
302456.669608642	4123715.09834636	
302456.327785202	4123714.52907711	
302455.967957619	4123713.94912937	
302455.626134089	4123713.37986014	
302455.284310514	4123712.81059092	
302454.942486897	4123712.24132172	
302454.618928466	4123711.69382704	
302454.295369997	4123711.14633238	
302453.972072614	4123710.60993377	
302453.639642575	4123710.0626479	
302453.298079876	4123709.50447479	
302453.000613459	4123708.93416177	
302452.676793661	4123708.37557113	
302452.501445942	4123708.09104096	
302452.186497573	4123707.53224156	
302451.897902515	4123706.9617198	
302451.740036601	4123706.66567604	
302451.460574113	4123706.10604155	
302451.256522779	4123705.73336945	
