249958.550306736	3688377.04371636	
249959.008488643	3688377.46476779	
249959.515808305	3688377.98444268	
249959.937022425	3688378.41754509	
249960.312241142	3688378.87402975	
249960.632436788	3688379.36522796	
249960.962802768	3688379.88946059	
249961.225689935	3688380.32664095	
249961.461779749	3688380.80890665	
249961.687699183	3688381.25813795	
249961.934244986	3688381.78452949	
249962.235528115	3688382.26511607	
249962.519898569	3688382.81273097	
249962.795241327	3688383.37167717	
249963.042644041	3688383.93134301	
249963.225139038	3688384.5037794	
249963.370952011	3688385.09935814	
249963.479511624	3688385.69589639	
249963.550817883	3688386.29339413	
249963.632580159	3688386.9350177	
249963.702172383	3688387.46596689	
249963.771764601	3688387.99691608	
249963.832329153	3688388.53919657	
249963.934432099	3688389.24688895	
249964.003738633	3688389.76674671	
249964.045105166	3688390.2873241	
249964.086186026	3688390.79681006	
249964.127552555	3688391.31738745	
249964.176917873	3688392.14852476	
249964.227026388	3688392.64667943	
249964.221540596	3688393.15736476	
249964.169202492	3688393.65815805	
249964.074297154	3688394.31543066	
249963.985277104	3688394.8393663	
249963.914312377	3688395.34063934	
249963.815122008	3688395.83154057	
249963.668621856	3688396.65662384	
249963.517265306	3688397.29315286	
249963.313742576	3688398.07530969	
249963.153072757	3688398.7120786	
249962.963891648	3688399.3273843	
249962.821848528	3688399.96367347	
249962.641980795	3688400.5787393	
249962.430459363	3688401.05033622	
249962.176085111	3688401.66732107	
249961.874858618	3688402.2744139	
249961.653452597	3688402.72406787	
249961.404677991	3688403.19662433	
249961.164931053	3688403.6578495	
249960.925184141	3688404.11907468	
249960.676123935	3688404.58053974	
249960.417464759	3688405.03115326	
249960.168404604	3688405.49261834	
249959.900432163	3688405.94347176	
249959.641487388	3688406.38299388	
249959.363916004	3688406.82299577	
249959.077031331	3688407.26323755	
249958.780547692	3688407.6926278	
249958.474465086	3688408.11116651	
249958.168953865	3688408.55188808	
249957.745226387	3688409.10664239	
249957.41063257	3688409.50371793	
249956.919997899	3688409.99360289	
249956.566206158	3688410.36897538	
249956.221727759	3688410.744108	
249955.731093212	3688411.23399303	
249955.367416887	3688411.5874226	
249954.895123365	3688412.06573648	
249954.384148226	3688412.4895528	
249953.862431395	3688412.8581519	
249953.331401293	3688413.22699092	
249952.837910157	3688413.60596185	
249952.334820063	3688413.97408127	
249951.793905392	3688414.32097741	
249951.243391762	3688414.65702205	
249950.701620099	3688414.97064398	
249950.140364786	3688415.25147144	
249949.550312506	3688415.49974433	
249948.988200179	3688415.74729758	
249948.434544113	3688415.96133669	
249947.917284227	3688416.14114199	
249947.37179874	3688416.31057557	
249946.760263036	3688416.44841415	
249946.121073116	3688416.59806387	
249945.491482215	3688416.75856517	
249944.83509419	3688416.9641519	
249944.335889631	3688417.12129476	
249943.818058472	3688417.27891743	
249943.290342626	3688417.41459717	
249942.762055395	3688417.5280941	
249942.103667577	3688417.65604103	
249941.481961599	3688417.76084556	
249940.850942324	3688417.86589004	
249940.348880854	3688417.91211883	
249939.83807748	3688417.98077041	
249939.243168648	3688418.04048969	
249938.657573128	3688418.0999691	
249937.913365691	3688418.15243543	
249937.280632237	3688418.19093158	
249936.748916633	3688418.17133171	
249936.06647388	3688418.08902174	
249935.542071626	3688417.99154204	
249935.01766936	3688417.89406237	
249934.511893695	3688417.79610292	
249933.836764234	3688417.63591321	
249933.179975655	3688417.46415231	
249932.533643194	3688417.33651726	
249931.888167844	3688417.24215653	
249931.065168201	3688417.13017124	
249930.418264256	3688416.98035347	
249929.611319764	3688416.76806563	
249929.122742013	3688416.61416949	
249928.45549709	3688416.3982831	
249927.825219655	3688416.17034569	
249927.34595515	3688416.01620973	
249926.856805885	3688415.84013085	
249926.385997505	3688415.65248074	
249925.765033275	3688415.42430354	
249925.143211859	3688415.1628521	
249924.558357931	3688414.88934961	
249924.020927682	3688414.64792187	
249923.510580178	3688414.37250013	
249923.008688794	3688414.06356421	
249922.437889824	3688413.61211917	
249922.008504816	3688413.22362399	
249921.560778869	3688412.84670008	
249921.167218434	3688412.40178812	
249920.677381878	3688411.83726965	
249920.235254731	3688411.31591732	
249919.764901869	3688410.78419333	
249919.323060353	3688410.27393246	
249918.872762648	3688409.79718582	
249918.39338205	3688409.27679324	
249918.057129863	3688408.88589902	
249917.72990524	3688408.48367346	
249917.307833056	3688408.01729854	
249916.838051337	3688407.50775754	
249916.491342802	3688407.07273757	
249916.199942696	3688406.61409524	
249915.810837727	3688405.98038928	
249915.630911677	3688405.50777647	
249915.511892937	3688404.86711279	
249915.470523765	3688404.34653545	
249915.494347845	3688403.82427865	
249915.537084302	3688403.31263344	
249915.577534947	3688402.71225681	
249915.51696768	3688402.16997645	
249915.41600411	3688401.50665008	
249915.25327599	3688400.97810029	
249914.948562155	3688400.36441791	
249914.601567583	3688399.91830657	
249914.256287352	3688399.53874381	
249913.891237525	3688399.11529519	
249913.477335197	3688398.60431478	
249913.09022989	3688398.0482489	
249912.872478826	3688397.55441298	
249912.700437195	3688397.02610315	
249912.556621266	3688396.50816497	
249912.421547192	3688395.96780402	
249912.287901761	3688395.48290021	
249912.162140995	3688394.94229934	
249912.082375412	3688394.37831599	
249912.002038362	3688393.79214979	
249911.941470894	3688393.24986945	
249911.880617692	3688392.69649768	
249911.763313025	3688392.1223826	
249911.636980745	3688391.55959888	
249911.538302725	3688390.98500396	
249911.560412322	3688390.39619858	
249911.55515338	3688389.83029584	
249911.550180173	3688389.27548453	
249911.525723102	3688388.68787878	
249911.482353628	3688388.08966145	
249911.357449959	3688387.58233487	
249911.158039576	3688387.07692769	
249910.885265389	3688386.61780563	
249910.525813811	3688386.04992862	
249910.194302211	3688385.48133184	
249909.912500333	3688385.03354116	
249909.538707955	3688384.63251545	
249909.110464166	3688384.28838645	
249908.665022332	3688384.00019447	
249908.022285891	3688383.65049242	
249907.353609522	3688383.37915018	
249906.631338946	3688383.19797899	
249906.096763868	3688383.0674664	
249905.401576055	3688382.85230123	
249904.874028376	3688382.63281735	
249904.374134963	3688382.40152227	
249903.723513596	3688382.10751756	
249903.223334386	3688381.86513111	
249902.629164489	3688381.59186974	
249902.148469131	3688381.38227776	
249901.490820208	3688381.17724455	
249900.878023525	3688380.90446314	
249900.348591591	3688380.97359656	
249899.71414118	3688380.94554644	
249899.215506726	3688381.1248744	
249898.672020037	3688381.37195064	
249898.167501221	3688381.68461572	
249897.738060679	3688382.0175442	
249897.190404166	3688382.46450617	
249896.72571055	3688382.87603444	
249896.221763367	3688383.21088249	
249895.718387715	3688383.56791343	
249895.278491	3688383.85671625	
249894.762658827	3688384.09198147	
249894.218029403	3688384.29469226	
249893.623690031	3688384.37659707	
249893.064603772	3688384.37990216	
249892.504660255	3688384.34993299	
249891.954887331	3688384.3529982	
249891.441510514	3688384.32182937	
249890.758207502	3688384.20624815	
249890.15758153	3688384.04414175	
249889.651231981	3688383.92400164	
249889.031407772	3688383.74019234	
249888.525058188	3688383.6200523	
249887.945059119	3688383.53510614	
249887.329521214	3688383.51766837	
249886.754665777	3688383.632368	
249886.114902711	3688383.75983873	
249885.543476417	3688384.00763558	
249884.973193193	3688384.29979817	
249884.51295554	3688384.52253283	
249884.005865434	3688384.73537583	
249883.45220864	3688384.94941862	
249882.898266105	3688385.15237001	
249882.34432359	3688385.35532143	
249881.770039827	3688385.49220422	
249881.137304143	3688385.53070391	
249880.531651187	3688385.53520949	
249879.785440805	3688385.51004014	
249879.207442098	3688385.50273451	
249878.638185193	3688385.47300609	
249878.059043402	3688385.42133481	
249877.31197568	3688385.36289137	
249876.713064104	3688385.26733436	
249876.08678403	3688385.19468013	
249875.450619056	3688385.10008304	
249874.825196271	3688385.06070317	
249874.207372182	3688384.95453481	
249873.616630781	3688384.81437232	
249873.016861794	3688384.68554125	
249872.295733555	3688384.5487383	
249871.659282705	3688384.44305002	
249871.050486092	3688384.32555046	
249870.349984916	3688384.26590773	
249869.657939735	3688384.17275079	
249869.04383063	3688384.21077133	
249868.376699265	3688384.361146	
249867.859438748	3688384.54095555	
249867.392745893	3688384.87484529	
249866.984790941	3688385.31820956	
249866.708651722	3688385.81367145	
249866.566042915	3688386.42777952	
249866.524451968	3688386.9837908	
249866.548340194	3688387.54921373	
249866.61879512	3688388.11343683	
249866.688678476	3688388.65547707	
249866.674170217	3688389.17749416	
249866.515792633	3688389.90299647	
249866.269879867	3688390.48646991	
249865.919234162	3688390.98385158	
249865.501680437	3688391.41636447	
249865.055900958	3688391.83850586	
249864.645088582	3688392.17095596	
249864.139142381	3688392.42816577	
249863.484182836	3688392.68921514	
249862.926240064	3688392.7368877	
249862.227168325	3688392.73270274	
249861.684708558	3688392.6578897	
249861.094824733	3688392.55100228	
249860.435460699	3688392.27942326	
249859.85620138	3688391.86149592	
249859.453895413	3688391.43900909	
249859.069072921	3688390.97167661	
249858.77852694	3688390.5463101	
249858.515635155	3688390.10913225	
249858.325821102	3688389.61457744	
249858.237596388	3688389.08410862	
249858.214565047	3688388.55195996	
249858.247127956	3688388.00728002	
249858.336714082	3688387.50552594	
249858.488921489	3688386.90226917	
249858.671926855	3688386.40920678	
249858.911955457	3688385.95907026	
249859.271914378	3688385.46144836	
249859.596906283	3688385.0535178	
249859.969322301	3688384.67766168	
249860.369964167	3688384.31217709	
249860.936817318	3688383.88691585	
249861.415109673	3688383.64151724	
249861.912028739	3688383.39563872	
249862.409805189	3688383.18303451	
249862.935807479	3688382.98080185	
249863.499348954	3688382.78870076	
249864.0905447	3688382.58478837	
249864.690482246	3688382.35845319	
249865.298875815	3688382.09860379	
249865.777454136	3688381.86429684	
249866.265345827	3688381.62974994	
249866.725011719	3688381.38483155	
249867.221931017	3688381.13895332	
249867.767989094	3688380.99169814	
249868.325360987	3688380.92184303	
249868.89233201	3688380.86283943	
249869.470045274	3688380.85905303	
249870.021247385	3688380.91144371	
249870.555251678	3688381.0197715	
249871.099140855	3688381.15004221	
249871.662228259	3688381.30201588	
249872.168578242	3688381.42215506	
249872.768918991	3688381.57316895	
249873.294467182	3688381.71501113	
249873.847383843	3688381.8339506	
249874.428526297	3688381.96326165	
249874.9992123	3688382.04844697	
249875.551843143	3688382.1562951	
249876.065220197	3688382.1874631	
249876.588196361	3688382.22948259	
249877.232531768	3688382.27947409	
249877.886466279	3688382.34031711	
249878.697584564	3688382.35271521	
249879.468877562	3688382.26625033	
249880.072244598	3688382.17301327	
249880.684353456	3688382.05735343	
249881.286005924	3688381.89756787	
249881.870460537	3688381.7937194	
249882.583301647	3688381.60887163	
249883.255460252	3688381.29188658	
249883.779462652	3688381.01201507	
249884.367515458	3688380.68609823	
249884.788785353	3688380.39777481	
249885.171373087	3688380.05495406	
249885.496651968	3688379.65811588	
249885.774506864	3688379.22920318	
249886.029734465	3688378.64549037	
249886.305017589	3688378.11675483	
249886.52327762	3688377.54509326	
249886.678344543	3688377.05275134	
249886.833411483	3688376.56040943	
249886.998077549	3688376.07891899	
249887.269360211	3688375.39490348	
249887.535044404	3688374.8553165	
249887.82895444	3688374.32610112	
249888.12286451	3688373.79688575	
249888.407461263	3688373.26791033	
249888.739196325	3688372.75991806	
249889.146295518	3688372.28328052	
249889.592362694	3688371.87223179	
249890.066655724	3688371.47155468	
249890.522322083	3688371.07135749	
249891.007071556	3688370.7148062	
249891.530503244	3688370.4127523	
249892.063534069	3688370.12154993	
249892.645131959	3688369.90678787	
249893.144052667	3688369.73855104	
249893.73667845	3688369.59009768	
249894.340617844	3688369.51904441	
249894.963183956	3688369.44751131	
249895.560095983	3688369.46542948	
249896.122326299	3688369.5841303	
249896.674386006	3688369.66979681	
249897.211533677	3688369.90013178	
249897.741368181	3688370.20834672	
249898.224635874	3688370.51776136	
249898.644710261	3688370.90649558	
249898.971936819	3688371.3087206	
249899.25516827	3688371.81196816	
249899.37978695	3688372.30820319	
249899.597253403	3688372.79094745	
249899.847231774	3688373.45043475	
249900.057099287	3688373.99996752	
249900.303934441	3688374.53744913	
249900.571396464	3688375.15209086	
249900.899480037	3688375.58759022	
249901.310812245	3688375.99874732	
249901.647637627	3688376.41182391	
249902.047370496	3688376.73448955	
249902.567319647	3688377.0207618	
249903.046872241	3688377.1859881	
249903.648355556	3688377.38136959	
249904.213442668	3688377.61098512	
249904.759045844	3688377.80780627	
249905.229570743	3688377.98436402	
249905.822026345	3688378.191077	
249906.330090326	3688378.37776652	
249906.818670387	3688378.53166164	
249907.299080023	3688378.73016242	
249907.863881222	3688378.94868673	
249908.399027954	3688379.10138229	
249908.990054744	3688379.25263831	
249909.532228925	3688379.31636258	
249910.083144979	3688379.3576641	
249910.588065761	3688379.42234812	
249911.15646557	3688379.41880414	
249911.732178613	3688379.33738027	
249912.391140317	3688379.23161427	
249912.91657218	3688379.00720154	
249913.386981173	3688378.81750264	
249913.902528278	3688378.57114703	
249914.417218227	3688378.29151716	
249914.857401432	3688378.01380669	
249915.296727484	3688377.70282195	
249915.725883043	3688377.35880288	
249916.173379601	3688377.00321256	
249916.629046645	3688376.60301663	
249917.038146986	3688376.20402032	
249917.446104469	3688375.76065832	
249917.854919155	3688375.35057063	
249918.272761507	3688374.9291516	
249918.763682086	3688374.45035613	
249919.172496885	3688374.04026849	
249919.646219455	3688373.61741004	
249920.093144889	3688373.23963707	
249920.568010413	3688372.86114437	
249921.153207602	3688372.42431559	
249921.646985626	3688372.05643455	
249922.122136984	3688371.68903336	
249922.569348318	3688371.32235194	
249923.053527383	3688370.94361947	
249923.538277915	3688370.58706987	
249923.950235943	3688370.29898816	
249924.453613247	3688369.94195879	
249925.039382205	3688369.52731312	
249925.497907093	3688369.23803193	
249925.947118652	3688368.94899067	
249926.424556012	3688368.67032113	
249926.9019934	3688368.39165162	
249927.398628946	3688368.13468516	
249927.996854299	3688367.84180547	
249928.522287094	3688367.61739364	
249929.03954939	3688367.43758745	
249929.593493713	3688367.23463881	
249930.100585566	3688367.02179831	
249930.617276504	3688366.81980935	
249931.12493981	3688366.62915176	
249931.605520182	3688366.47248819	
249932.105298692	3688366.33752768	
249932.607934258	3688366.31348147	
249933.147537548	3688366.27738425	
249933.705196148	3688366.2186244	
249934.309135833	3688366.14757365	
249935.051918772	3688366.03965014	
249935.676485092	3688366.04575966	
249936.413668792	3688366.08226471	
249936.92590342	3688366.06907025	
249937.549041232	3688366.01972276	
249938.171893349	3688365.95928388	
249938.908791332	3688365.98469769	
249939.525187062	3688366.03541306	
249940.122956068	3688366.08660826	
249940.766149067	3688366.09223831	
249941.457337317	3688366.15212607	
249942.037336664	3688366.23707545	
249942.635677019	3688366.31045366	
249943.243902101	3688366.40577486	
249943.815445128	3688366.52423852	
249944.377674782	3688366.64294211	
249944.903222379	3688366.78478814	
249945.579783475	3688367.00043594	
249946.096589053	3688367.16470478	
249946.604938321	3688367.36248781	
249947.208420932	3688367.63551196	
249947.698429129	3688367.84486626	
249948.178838261	3688368.04336904	
249948.66827504	3688368.23054053	
249949.186223231	3688368.43917523	
249949.853185058	3688368.64397177	
249950.323709376	3688368.82053169	
249950.803832714	3688369.00794317	
249951.361034006	3688369.29325842	
249951.833272359	3688369.53636696	
249952.314538358	3688369.76814421	
