302438.956039483193000	4123670.795774548780000	
302439.150756891642000	4123671.314695450943000	
302439.344268854358000	4123671.831297012512000	
302439.526321467129000	4123672.316160294693000	
302439.717605646583000	4123672.825773328077000	
302439.914459284046000	4123673.339841932058000	
302440.113754326943000	4123673.849393934477000	
302440.312637383118000	4123674.344938368071000	
302440.500961358426000	4123674.813505263999000	
302440.733078058343000	4123675.344572154805000	
302440.939498956141000	4123675.840849012602000	
302441.147598321259000	4123676.324339000974000	
302441.374145562819000	4123676.823179336265000	
302441.588073786348000	4123677.285245986190000	
302441.820022637956000	4123677.775388806127000	
302442.062423762050000	4123678.272367569618000	
302442.296096857404000	4123678.744627091102000	
302442.534545953793000	4123679.189420789015000	
302442.785125788068000	4123679.686399552040000	
302443.029998834827000	4123680.168394177221000	
302443.289886529208000	4123680.654020400718000	
302443.529327447701000	4123681.111723037437000	
302443.827545221080000	4123681.651762098074000	
302444.108535821666000	4123682.180265517440000	
302444.389236505085000	4123682.695219128858000	
302444.660751397721000	4123683.199339003302000	
302444.928299005434000	4123683.696561904158000	
302445.176986749633000	4123684.159299938940000	
302445.486496027559000	4123684.734525769949000	
302445.769485529396000	4123685.259733289480000	
302446.031448419089000	4123685.746214005630000	
302446.302642876166000	4123686.250639052596000	
302446.567627008306000	4123686.743192763999000	
302446.837051445735000	4123687.243986220099000	
302447.095520074829000	4123687.727781387977000	
302447.352996880480000	4123688.207487197593000	
302447.604309137037000	4123688.674375626724000	
302447.872131402837000	4123689.134214492980000	
302448.116607721196000	4123689.587797254324000	
302448.448440606240000	4123690.191312881187000	
302448.781631524675000	4123690.771177381277000	
302449.094436700223000	4123691.339597792830000	
302449.405380303739000	4123691.895292371977000	
302449.710311944713000	4123692.441099256743000	
302450.010131891468000	4123692.978117079008000	
302450.300613457453000	4123693.496946427040000	
302450.594268854707000	4123694.022001358215000	
302450.868667658418000	4123694.512296766508000	
302451.149231011164000	4123695.013731092215000	
302451.423049981298000	4123695.503049938474000	
302451.683349665371000	4123695.967924208846000	
302451.940185600717000	4123696.426176159177000	
302452.235076958779000	4123696.953458880074000	
302452.538452202862000	4123697.496061414480000	
302452.839599663683000	4123698.033903213218000	
302453.145828301494000	4123698.583067030180000	
302453.424453791406000	4123699.078641981818000	
302453.731475884444000	4123699.627683732659000	
302454.005798394559000	4123700.117521375883000	
302454.282898004341000	4123700.611570448149000	
302454.559783991310000	4123701.107908340637000	
302454.832458551624000	4123701.592924210243000	
302455.116668756644000	4123702.086149306968000	
302455.378875787137000	4123702.555540176574000	
302455.641983087175000	4123703.020536514465000	
302455.908920343907000	4123703.494199842680000	
302456.170440729707000	4123703.959043596871000	
302456.418792778801000	4123704.398862927686000	
302456.678726251004000	4123704.858884901740000	
302457.006317192921000	4123705.438627334312000	
302457.333160455630000	4123706.016538711730000	
302457.650161798811000	4123706.576963515021000	
302457.960647638189000	4123707.125852672849000	
302458.270492609183000	4123707.673490617424000	
302458.561935480626000	4123708.188352673315000	
302458.843017632375000	4123708.694547744934000	
302459.127258354798000	4123709.196378798690000	
302459.485183771467000	4123709.833402725868000	
302459.736892754445000	4123710.281339735258000	
302460.086578423099000	4123710.903318496421000	
302460.433029229869000	4123711.520444961265000	
302460.778198296262000	4123712.134733290877000	
302461.104736383073000	4123712.714597792830000	
302461.432251031918000	4123713.296262833755000	
302461.761535700003000	4123713.880949112121000	
302462.083175714826000	4123714.450590222608000	
302462.394744928286000	4123715.002805798780000	
302462.698120171728000	4123715.542722795159000	
302463.015274103615000	4123716.105558485258000	
302463.304840143363000	4123716.618436903227000	
302463.598144587013000	4123717.137632457074000	
302463.900787408696000	4123717.675596326124000	
302464.181579644326000	4123718.176633924711000	
302464.463287407998000	4123718.676420302596000	
302464.735824639094000	4123719.160001845565000	
302465.000122124678000	4123719.648069469258000	
302465.266220148362000	4123720.121854870114000	
302465.534042412997000	4123720.603452772833000	
302465.797256523743000	4123721.075407122262000	
302466.164306696504000	4123721.733762831427000	
302466.422668511630000	4123722.197416394483000	
302466.687088068109000	4123722.672147841658000	
302466.946868952131000	4123723.138761611655000	
302467.309913690377000	4123723.791166394949000	
302467.667579705187000	4123724.432462782599000	
302468.035842950805000	4123725.092649550643000	
302468.386558587430000	4123725.721189589705000	
302468.721756035578000	4123726.322721572127000	
302469.066200311412000	4123726.939878556412000	
302469.402359064377000	4123727.542478650808000	
302469.748100336525000	4123728.161588759627000	
302470.061950738425000	4123728.723356336821000	
302470.386200005480000	4123729.303861708846000	
302470.686142022780000	4123729.841032118537000	
302470.931846674532000	4123730.281278702896000	
302471.239303643873000	4123730.832395645324000	
302471.515609795577000	4123731.328306291252000	
302471.808319147618000	4123731.853117081337000	
302472.096153314866000	4123732.368650529068000	
302472.371971185785000	4123732.862669080496000	
302472.652465876308000	4123733.364164442755000	
302472.936515863170000	4123733.873441786040000	
302473.228004510805000	4123734.395994279068000	
302473.476692255237000	4123734.841154187918000	
302473.757705743716000	4123735.344175429083000	
302474.015136773407000	4123735.804075330961000	
302474.299255425401000	4123736.311704726890000	
302474.673728996888000	4123736.981565567665000	
302474.945884759305000	4123737.468656632118000	
302475.198684746283000	4123737.920927136205000	
302475.453582818038000	4123738.376890270971000	
302475.815414484241000	4123739.022581190336000	
302476.063957268838000	4123739.466703503858000	
302476.427726801019000	4123740.117216198705000	
302476.722396905068000	4123740.644163222518000	
302477.036605890258000	4123741.206937880255000	
302477.361679131456000	4123741.790861223359000	
302477.673934991588000	4123742.350370496511000	
302477.967140252062000	4123742.874296280090000	
302478.287780816085000	4123743.448026745580000	
302478.583824212663000	4123743.980650038924000	
302478.865478569991000	4123744.489042373840000	
302479.166862542741000	4123745.028745739721000	
302479.461105400580000	4123745.554716199636000	
302479.744316154975000	4123746.062223524321000	
302480.022705132957000	4123746.563810437918000	
302480.302818353521000	4123747.068784805480000	
302480.568031365518000	4123747.543333143927000	
302480.854072626331000	4123748.054838270880000	
302481.107223564642000	4123748.533353896812000	
302481.375343377702000	4123749.021360485815000	
302481.629989679263000	4123749.480070202146000	
302481.903190667217000	4123749.978330702055000	
302482.158416801947000	4123750.442319960799000	
302482.407859857660000	4123750.895780653693000	
302482.660438593128000	4123751.358701797668000	
302482.895446833456000	4123751.802122206893000	
302483.144287165313000	4123752.253446669318000	
302483.395576531533000	4123752.715635389555000	
302483.758865410287000	4123753.382749645971000	
302484.116996820609000	4123754.040159317199000	
302484.360542353359000	4123754.486112685408000	
302484.690559443086000	4123755.088895888068000	
302484.936874445761000	4123755.530820936896000	
302485.286537224543000	4123756.157682508696000	
302485.614990288857000	4123756.753141492605000	
302485.963104303461000	4123757.379148573615000	
302486.277580316993000	4123757.946104139090000	
302486.617401177878000	4123758.560972304549000	
302486.930069023860000	4123759.126188367140000	
302487.259475762548000	4123759.722532365937000	
302487.562736565596000	4123760.271268933080000	
302487.814910943736000	4123760.727476211265000	
302488.115753229009000	4123761.271360487677000	
302488.381034905149000	4123761.751340958290000	
302488.658363396768000	4123762.253690807614000	
302488.952095087792000	4123762.787443252280000	
302489.230621392257000	4123763.292234510183000	
302489.481590327108000	4123763.745695205871000	
302489.751098688692000	4123764.233244028874000	
302490.001159721985000	4123764.685514541343000	
302490.275108393282000	4123765.180357067846000	
302490.519317682134000	4123765.621305557434000	
302490.784126337152000	4123766.100126356818000	
302491.041549737914000	4123766.565763562918000	
302491.294090326759000	4123767.022398082539000	
302491.673500115285000	4123767.706571670715000	
302492.038879449246000	4123768.364347547293000	
302492.391670281708000	4123769.002134417184000	
302492.634033258539000	4123769.439848038368000	
302492.879257257446000	4123769.883146376815000	
302493.239868218312000	4123770.534574598074000	
302493.587646539323000	4123771.163023086730000	
302493.933242852159000	4123771.786985486746000	
302494.280052239774000	4123772.414457411505000	
302494.612678582082000	4123773.016264054459000	
302494.946472222451000	4123773.618070691824000	
302495.289894158311700	4123774.238462539855000	
302495.608192498912100	4123774.813535777386000	
302495.929275567876200	4123775.394193742424000	
302496.253929192200300	4123775.978086564690000	
302496.555465753364800	4123776.522977918386000	
302496.868873651663300	4123777.088224498555000	
302497.172630364541000	4123777.636381239165000	
302497.464065606589400	4123778.161802382208000	
302497.749176080105800	4123778.676267715637000	
302498.040145929670000	4123779.202329727355000	
302498.320922906161300	4123779.708921520971000	
302498.582656915648800	4123780.181242080871000	
302498.857345637050500	4123780.676939103287000	
302499.117630060936800	4123781.147153946105000	
302499.378807122877300	4123781.619413467124000	
302499.625984247308200	4123782.064176649321000	
302499.873924311075800	4123782.510709850583000	
302500.199218805413700	4123783.084379288368000	
302500.503524836385600	4123783.632291884162000	
302500.806381280766800	4123784.175993053243000	
302501.105789239518300	4123784.710874646436000	
302501.395660454931200	4123785.224821181502000	
302501.678649958106700	4123785.728757948615000	
302501.962669426575300	4123786.234617326874000	
302502.224227959173700	4123786.701627821196000	
302502.489761406672200	4123787.177305314224000	
302502.752639824408100	4123787.647672743071000	
302503.056617790833100	4123788.189420786686000	
302503.309890802251200	4123788.639127821196000	
302503.556236322154300	4123789.077390762512000	
302503.852493340265900	4123789.607481096406000	
302504.143547112937100	4123790.127378553618000	
302504.438766533799900	4123790.651792618912000	
302504.724227960105100	4123791.158933732659000	
302505.015419060713600	4123791.675932023209000	
302505.295051629655100	4123792.171293345280000	
302505.595291192992600	4123792.701902476605000	
302505.871719416114500	4123793.191373914946000	
302506.150444085884400	4123793.687467665877000	
302506.432411247980800	4123794.189268203918000	
302506.711189324501900	4123794.682096572593000	
302507.001930291589800	4123795.197996228002000	
302507.274841362726900	4123795.680448623840000	
302507.557846123527300	4123796.180173964705000	
302507.842132623598400	4123796.688566299155000	
302508.137954766338200	4123797.214262099005000	
302508.396987970161700	4123797.676511855796000	
302508.680954035255100	4123798.179716200568000	
302508.977890069072600	4123798.704801647458000	
302509.254104669089400	4123799.209257216193000	
302509.516593987820700	4123799.678068250418000	
302509.803344781859800	4123800.191892715637000	
302510.083252008305900	4123800.692228407599000	
302510.346099909511400	4123801.186826795340000	
302510.610870416276200	4123801.659971327521000	
302510.885452325746900	4123802.159818740562000	
302511.155029352346900	4123802.647367570549000	
302511.412841852172300	4123803.113462538924000	
302511.680198723450300	4123803.597440811340000	
302511.926963861042200	4123804.044370740652000	
302512.179702814901200	4123804.501890273765000	
302512.426757868495800	4123804.945829482749000	
302512.674835260142600	4123805.393400282599000	
302512.907547051087000	4123805.841672988608000	
302513.271736199851100	4123806.500516979955000	
302513.614364678564000	4123807.130308244377000	
302513.857704216439700	4123807.573453989346000	
302514.194610651000400	4123808.190244765487000	
302514.537612970743800	4123808.818418592680000	
302514.878074701526200	4123809.441801162437000	
302515.204811151954300	4123810.040586563293000	
302515.529312188038600	4123810.635435193311000	
302515.848205622169200	4123811.219144914299000	
302516.183921868272600	4123811.800870985724000	
302516.493293816340200	4123812.366727918852000	
302516.822479302121800	4123812.956052870955000	
302517.114219720708200	4123813.481046766974000	
302517.422027643071500	4123814.034696671180000	
302517.716026360169100	4123814.563352676574000	
302518.021797235705900	4123815.112638563383000	
302518.306930596765600	4123815.624326797668000	
302518.594627436134000	4123816.141019910108000	
302518.878562983009000	4123816.651029677130000	
302519.161705073085600	4123817.159483046737000	
302519.426460321818000	4123817.639005751815000	
302519.695953424263300	4123818.127286999952000	
302519.964233452687000	4123818.609006972518000	
302520.231323296204200	4123819.088926406577000	
302520.484809930203500	4123819.544309707358000	
302520.741432245704300	4123820.006681533996000	
302520.993331963138200	4123820.461668103933000	
302521.239311273559000	4123820.905637830961000	
302521.557579095824600	4123821.477384655271000	
302521.884941155614800	4123822.065885636490000	
302522.235809380479600	4123822.696134656668000	
302522.577377374167600	4123823.307584854309000	
302522.924560601706600	4123823.932279679459000	
302523.246177727705800	4123824.510160536040000	
302523.568740899441800	4123825.089597794693000	
302523.886367853556300	4123825.658781143371000	
302524.199646050809000	4123826.221494764090000	
302524.496635491668700	4123826.753721329384000	
302524.794815118890300	4123827.289030165412000	
302525.099937494145700	4123827.836576551199000	
302525.380767876631600	4123828.341306779068000	
302525.663841301633500	4123828.849943254609000	
302525.930633599287800	4123829.328733533155000	
302526.208709772035900	4123829.827970596030000	
302526.489616449573100	4123830.318998429459000	
302526.744506891525800	4123830.778287977912000	
302527.009346063132400	4123831.249540419318000	
302527.341209466569100	4123831.841703505255000	
302527.594184930843800	4123832.293974012136000	
302527.949188286438600	4123832.930631726049000	
302528.200195366633100	4123833.380125138443000	
302528.543365533580100	4123833.993101211265000	
302528.793312127701900	4123834.436765762046000	
302529.145034844055800	4123835.064054580871000	
302529.488121086498700	4123835.680234998465000	
302529.822288568946500	4123836.275114149787000	
302530.170265253575100	4123836.889860243537000	
302530.500579888117500	4123837.473753067199000	
302530.845344597415500	4123838.090543835424000	
302531.165451105742200	4123838.659727185965000	
302531.497631128993800	4123839.248563857283000	
302531.817398126586300	4123839.816465469077000	
302532.138511713710600	4123840.413633435033000	
302532.455154473544100	4123840.980314345565000	
302532.811550194863200	4123841.625394911971000	
302533.093086297332800	4123842.131773084868000	
302533.468463952769500	4123842.808378309011000	
302533.728836115333300	4123843.280241101049000	
302534.083828027651200	4123843.925047015306000	
302534.342826898559000	4123844.391660782974000	
302534.595512445434000	4123844.843931287993000	
302534.968368584173700	4123845.511869524140000	
302535.212276514619600	4123845.950651259162000	
302535.454654749482900	4123846.388883679174000	
302535.710269982693700	4123846.847501842771000	
302536.058872276684300	4123847.472013561521000	
302536.403976494679200	4123848.092863176484000	
302536.654399927123400	4123848.541380017530000	
302537.001232202164800	4123849.164426894393000	
302537.347316797298800	4123849.784238903318000	
302537.684215600136700	4123850.390653697308000	
302538.008132988936300	4123850.972776503768000	
302538.353488976950800	4123851.593046278227000	
302538.688175256713300	4123852.193540665321000	
302539.013271385862000	4123852.775510876440000	
302539.322723443852700	4123853.344144911971000	
302539.650451715104300	4123853.933744522277000	
302539.968910272466000	4123854.509580703918000	
302540.277248437283600	4123855.065366838593000	
302540.586650902521800	4123855.624052139930000	
302540.893966728588600	4123856.178831189871000	
302541.183075007051200	4123856.700620739721000	
302541.482467705733100	4123857.240903944708000	
302541.778625542530800	4123857.776151748374000	
302542.066265161149200	4123858.295377820730000	
302542.358451897103800	4123858.822202771902000	
302542.640110070118700	4123859.330289931502000	
302542.912166649359300	4123859.820860000327000	
302543.197326716384900	4123860.334074112587000	
302543.481182152172600	4123860.843778703827000	
302543.747482354170600	4123861.323545548134000	
302544.010379847139100	4123861.797025770880000	
302544.281333977531200	4123862.285551162902000	
302544.542316491482800	4123862.756742566824000	
302544.800048883189400	4123863.219694228377000	
302545.061214503017300	4123863.689115615562000	
302545.317131096962800	4123864.149564832915000	
302545.646995600429400	4123864.743467422202000	
302545.958355005364900	4123865.308866590727000	
302546.205066735856200	4123865.752714248840000	
302546.506134087278000	4123866.294431778137000	
302546.806102806935100	4123866.834104630630000	
302547.113880211603800	4123867.388212295715000	
302547.426670129294500	4123867.952543348074000	
302547.776477868203100	4123868.581449598540000	
302548.131740624317900	4123869.220914930571000	
302548.456924492842500	4123869.806242078077000	
302548.777732904185500	4123870.383207412437000	
302549.095974024385200	4123870.956358045340000	
302549.434608515468400	4123871.562193009071000	
302549.743904168950400	4123872.110685440712000	
302550.037616785732100	4123872.636625379790000	
302550.340553339570800	4123873.180082409643000	
302550.635868127923500	4123873.709714978002000	
302550.933589989261200	4123874.242582411040000	
302551.215522820304600	4123874.739957899321000	
302551.487899835337900	4123875.227384655736000	
302551.767139489762500	4123875.724729627836000	
302552.039394434134000	4123876.209226700943000	
302552.308612878783600	4123876.687589735258000	
302552.585948999971200	4123877.172910781112000	
302552.842731531534800	4123877.617551896721000	
302553.108497675624700	4123878.085783094168000	
302553.357643182622300	4123878.521452040877000	
302553.610691125737500	4123878.965391250327000	
302553.944286400452300	4123879.550474258140000	
302554.271999413380400	4123880.118681044318000	
302554.666400964080800	4123880.799253555480000	
302554.925659234460900	4123881.246549698990000	
302555.237831169855800	4123881.787656873465000	
302555.496196801890600	4123882.236753553618000	
302555.795871788403000	4123882.757322398946000	
302556.115016991971100	4123883.312101452146000	
302556.432041223626600	4123883.864713757299000	
302556.736980493529700	4123884.392759415321000	
302557.045349177089500	4123884.930235000327000	
302557.344230707152700	4123885.441160294693000	
302557.633781488461000	4123885.943632218055000	
302557.957984979846500	4123886.507383436430000	
302558.288250024314000	4123887.077970595565000	
302558.607315117900700	4123887.630735485815000	
302558.927379662403800	4123888.183469862211000	
302559.230781611055100	4123888.708585832268000	
302559.551502283779000	4123889.263532732148000	
302559.846782740321900	4123889.773649304174000	
302560.150749260967100	4123890.298994153738000	
302560.443096214730800	4123890.828580948524000	
302560.740844781394100	4123891.342420669273000	
302561.034114891896000	4123891.858335585333000	
302561.316120203351600	4123892.351301285438000	
302561.603763634339000	4123892.872266861144000	
302561.887039240216800	4123893.363935558591000	
302562.145320947747700	4123893.855253310408000	
302562.410953576909400	4123894.321104138624000	
302562.673725183354700	4123894.812330337707000	
302562.930229242076200	4123895.275343028363000	
302563.191066797764500	4123895.747236342635000	
302563.439827021211400	4123896.226179212797000	
302563.688728387816800	4123896.678022476844000	
302563.995046671014300	4123897.275083632208000	
302564.300994927180000	4123897.855573747307000	
302564.596246773551700	4123898.419996351004000	
302564.908044870127900	4123898.996748060454000	
302565.198593195353200	4123899.546995254699000	
302565.490875298273700	4123900.095502946991000	
302565.781547600345200	4123900.641355604399000	
302566.061973625619400	4123901.167554945219000	
302566.342418724671000	4123901.694486709312000	
302566.605165537563200	4123902.186323257629000	
302566.907001551124300	4123902.755018324591000	
302567.179975564533400	4123903.268491838593000	
302567.480625207012100	4123903.774595351890000	
302567.741153772571100	4123904.265729995444000	
302568.009021813457400	4123904.746915908996000	
302568.304576928494500	4123905.210523696616000	
302568.567770060035400	4123905.689329236746000	
302568.838378960208500	4123906.133466810919000	
302569.115299280034400	4123906.555875867605000	
302569.384697015397300	4123907.017408465035000	
302569.760969217110000	4123907.640333265532000	
302570.158063944138100	4123908.301954358816000	
302570.539819773403000	4123908.936506361235000	
302570.925231987843300	4123909.576948257629000	
302571.301757867448000	4123910.201948257629000	
302571.563396508980100	4123910.636716931593000	
302571.915178353490800	4123911.221342176199000	
302572.266986901173400	4123911.839033217169000	
302572.635749872715700	4123912.464918229263000	
302572.948030526517000	4123913.056791394483000	
302573.247894341009700	4123913.642759410199000	
302573.567495400260700	4123914.225355239119000	
302573.885479028162100	4123914.814848033246000	
302574.189073616929800	4123915.374204729218000	
302574.498790796729700	4123915.945249648765000	
302574.789678629371300	4123916.481260388624000	
302575.064271981245800	4123917.050733656157000	
302575.352712685824400	4123917.583036513999000	
302575.615369851235300	4123918.088132951874000	
302575.916263635736000	4123918.664060685784000	
302576.181062753836200	4123919.169386000838000	
302576.481008583563400	4123919.742307754699000	
302576.733791407314100	4123920.225690932944000	
302577.030277305981100	4123920.791334243491000	
302577.312908227089800	4123921.287244888954000	
302577.574686104897400	4123921.784925549291000	
302577.848804529523500	4123922.300275892019000	
302578.097538049041800	4123922.762891861610000	
302578.370712334988600	4123923.273634047713000	
302578.617321069119500	4123923.733594982885000	
302578.883539254427900	4123924.229841324501000	
302579.142742212046900	4123924.714262097608000	
302579.405553873104500	4123925.205015270971000	
302579.644249017583200	4123925.651151747443000	
302579.905194336781300	4123926.139082045294000	
302580.258945520618000	4123926.800901504233000	
302580.523857171530800	4123927.295591446105000	
302580.875524575996700	4123927.952787489630000	
302581.182461792836000	4123928.529462906998000	
302581.530369813554000	4123929.142866224516000	
302581.844762857013800	4123929.721876233350000	
302582.194880541064800	4123930.287016001530000	
302582.541881615878100	4123930.779218764044000	
302582.855642373790000	4123931.315916151740000	
302583.177755411132200	4123931.875776380301000	
302583.467365319957000	4123932.391126725357000	
302583.793154772603900	4123932.948164079804000	
302584.063534790766400	4123933.471860976424000	
302584.358130509615900	4123933.977659319062000	
302584.652283723233300	4123934.498411271255000	
302584.894344385073100	4123934.988599869888000	
302585.168333108187650	4123935.491529557388000	
302585.446101244655440	4123935.990751358215000	
302585.697179848211820	4123936.457044691313000	
302585.963797624339350	4123936.949369518552000	
302586.199563081783710	4123937.412000746466000	
302586.460887963359710	4123937.891615004744000	
302586.719440514338200	4123938.386533829384000	
302587.056590611813590	4123939.032224746421000	
302587.299165781587360	4123939.489301772323000	
302587.531550938030700	4123939.962736218702000	
302587.866830881859640	4123940.596616834868000	
302588.193464810028670	4123941.240141005255000	
302588.524041706754360	4123941.911726088263000	
302588.834736401797270	4123942.521146866493000	
302589.128803784551560	4123943.100156875327000	
302589.434310014767110	4123943.700208752882000	
302589.734350260172500	4123944.294004528783000	
302590.034476333996280	4123944.886259168852000	
302590.319487626431510	4123945.449827285483000	
302590.611347731144630	4123946.024213883560000	
302590.880048330931460	4123946.553434463218000	
302591.174027497880160	4123947.132459730376000	
302591.431917723268270	4123947.643064589705000	
302591.688020999485160	4123948.179105848540000	
302591.942141350009480	4123948.710874649696000	
302592.178915793367200	4123949.228086562827000	
302592.403922613069880	4123949.742155166809000	
302592.611224228807260	4123950.239561169408000	
302592.815499121556060	4123950.742139906622000	
302593.020584398997020	4123951.243223282043000	
302593.229563053813760	4123951.723402113654000	
302593.407083328813310	4123952.195036026649000	
302593.645465785870330	4123952.817136854865000	
302593.876084620831530	4123953.429685685318000	
302594.095861490117386	4123954.011411757674000	
302594.298015768523328	4123954.598127455451000	
302594.515806581359357	4123955.184736342169000	
302594.696427399758250	4123955.751951309852000	
302594.919351423159242	4123956.365064710379000	
302595.136264066153672	4123956.986066909041000	
302595.327520365361124	4123957.655363174155000	
302595.538765723817050	4123958.259031383786000	
302595.734600837924518	4123958.859785170760000	
302595.904442008468322	4123959.489667985588000	
302596.090212162700480	4123960.086515517440000	
302596.260282094939610	4123960.658567518927000	
302596.384034689574040	4123961.266904919408000	
302596.540550524659920	4123961.814451310318000	
302596.716154868016020	4123962.470716566313000	
302596.883789116749540	4123963.091184705496000	
302597.028977210866290	4123963.684476943687000	
302597.138452824321580	4123964.221754166298000	
302597.294877106556670	4123964.816160295159000	
302597.426788862678220	4123965.349073500838000	
302597.536590631701980	4123965.903959365562000	
302597.614008480450140	4123966.444379895926000	
302597.729640777804890	4123966.955595106818000	
302597.845575387589630	4123967.503995987121000	
302597.953021105495280	4123968.044172376394000	
302598.058256680786140	4123968.544553849380000	
302598.167307908704970	4123969.066785903182000	
302598.326872165780510	4123969.839674086776000	
302598.476114804507230	4123970.560056776740000	
302598.577759797335600	4123971.053815933410000	
302598.679246480925940	4123971.545744033530000	
302598.804316099267450	4123972.242979140952000	
302598.905499512678940	4123972.744474500883000	
302599.020833546412180	4123973.432859510183000	
302599.150585230323490	4123974.109617323615000	
302599.282611901347990	4123974.825208752882000	
302599.398217732436020	4123975.456754775252000	
302599.475500161177480	4123976.136869522277000	
302599.581142479844860	4123976.762983412948000	
302599.613006647326980	4123977.410917374305000	
302599.692806774633940	4123978.028577894438000	
302599.744912680238490	4123978.632307140622000	
302599.768223340739500	4123979.229047865607000	
302599.822312887117730	4123979.839826674666000	
302599.867830331844740	4123980.415418714751000	
302599.913168962637430	4123980.988340469077000	
302599.939873749855910	4123981.580747694243000	
302599.970563943730670	4123982.123045058455000	
302599.995314652333040	4123982.710889903829000	
302600.002471978485120	4123983.244810193311000	
302600.010635431681290	4123983.788572404999000	
302600.034678513242400	4123984.354337783065000	
302600.068502480397000	4123984.899717421271000	
302600.098780686093960	4123985.424146743957000	
302600.123161847703160	4123985.941907972097000	
302600.150898512220010	4123986.513319110032000	
302600.182967717759310	4123987.177900402807000	
302600.213861521333460	4123987.765318005811000	
302600.242154653300530	4123988.344144911040000	
302600.255675369640810	4123988.942411512136000	
302600.262294824002310	4123989.542707538232000	
302600.271986062522050	4123990.119886489119000	
302600.271773392334580	4123990.722700207494000	
302600.283185537788090	4123991.284956065938000	
302600.287237698037640	4123991.851850598119000	
302600.280826145899480	4123992.445051282179000	
302600.287399346649180	4123992.982725234237000	
302600.288700635661370	4123993.578382580541000	
302600.272000367054720	4123994.156416029669000	
302600.272715147817510	4123994.678281873930000	
302600.268590504652820	4123995.251951306593000	
302600.265545423724690	4123995.900816049427000	
302600.263366278028120	4123996.490491956472000	
302600.260098988772370	4123997.058271499351000	
302600.256995255418590	4123997.652769179083000	
302600.254569586366420	4123998.182127087377000	
302600.251753385877240	4123998.744810191914000	
302600.248915250354910	4123999.310255138204000	
302600.246134812710810	4123999.814313980285000	
302600.271097714779900	4124000.608961195219000	
302600.292747552972290	4124001.340070816223000	
302600.327339226671030	4124002.063490003813000	
302600.337501581932880	4124002.575819102582000	
302600.365827614325100	4124003.301939099096000	
302600.427192743751220	4124004.000745867379000	
302600.449296528706330	4124004.645078749862000	
302600.487817819928750	4124005.335950938519000	
302600.543601091252640	4124006.014417737722000	
302600.578074986580760	4124006.644788833801000	
302600.618354851671030	4124007.291395275388000	
302600.657797868596390	4124007.936445327476000	
302600.699991758796390	4124008.578519912902000	
302600.744558866892480	4124009.216489882208000	
302600.785914000356570	4124009.853345962707000	
302600.827008779626340	4124010.496076675132000	
302600.872796112729700	4124011.186719986610000	
302600.917913491954100	4124011.829893202055000	
302600.962408596882600	4124012.483350842725000	
302601.006624277099040	4124013.135084241629000	
302601.053646619664510	4124013.811262222007000	
302601.102020795922730	4124014.517957779579000	
302601.146289880038240	4124015.198103043251000	
302601.201187665981710	4124015.884794325568000	
302601.253972108068410	4124016.563245863654000	
302601.294991071568800	4124017.070180981420000	
302601.355719620420130	4124017.729597179219000	
302601.410640771733600	4124018.438566299155000	
302601.480758722289470	4124019.122610184364000	
302601.545092161046340	4124019.813299267553000	
302601.609466607100330	4124020.507627577987000	
302601.671942764834970	4124021.188642597292000	
302601.735391195747070	4124021.875661941711000	
302601.797808226197960	4124022.552305312362000	
302601.857928330020510	4124023.200590225868000	
302601.918816622346640	4124023.855535597075000	
302601.979758794826920	4124024.511625381187000	
302602.038893755583560	4124025.148016066756000	
302602.099240834882950	4124025.799123855773000	
302602.156887108518280	4124026.426801773719000	
302602.215260560042220	4124027.061025710311000	
302602.282873208052480	4124027.683439345565000	
302602.344088608515450	4124028.300458996091000	
302602.412505681626500	4124028.923925489653000	
302602.492907580279280	4124029.506071183830000	
302602.554246003855950	4124030.105398268905000	
302602.621022279432510	4124030.682806103956000	
302602.694838577881460	4124031.255415051244000	
302602.765758092165920	4124031.855810255744000	
302602.845958764606620	4124032.377317521255000	
302602.913128907675850	4124032.941267105285000	
302602.994688564736860	4124033.473112196662000	
302603.062876756303010	4124034.017522902228000	
302603.136758859094700	4124034.563619705848000	
302603.203127915039660	4124035.070180986542000	
302603.285070474783420	4124035.761648267973000	
302603.340288216131740	4124036.284101576544000	
302603.405702646705320	4124036.932035539299000	
302603.432033594115640	4124037.439153765794000	
302603.486815507989380	4124038.067060562316000	
302603.531934792816170	4124038.702077957336000	
302603.578988130029760	4124039.345625014510000	
302603.629194315406490	4124039.946920487098000	
302603.684922273328990	4124040.553739640396000	
302603.737058695231100	4124041.120184037369000	
302603.803115900431290	4124041.701215833891000	
302603.853160912578460	4124042.289106461219000	
302603.895395333180200	4124042.862272351980000	
302603.931123789458070	4124043.437551587820000	
302603.956307466025460	4124043.982336135581000	
302603.982747133355590	4124044.523435682058000	
302603.989688928471880	4124045.057027905248100	
302604.006160791963340	4124045.568105788901400	
302604.029768044594680	4124046.168569654226300	
302604.039553697104570	4124046.810033888556100	
302604.043005999061280	4124047.489553542342000	
302604.013802582456260	4124048.103880021721100	
302604.024686867836860	4124048.707891555968700	
302604.022177751292470	4124049.346677870024000	
302604.022858674288730	4124049.928869336377800	
302604.022839599987490	4124050.513349623419300	
302604.023041779117190	4124051.065603347029500	
302604.023567255237140	4124051.640089124441100	
302604.024173792102370	4124052.204824539367100	
302604.026147896540350	4124052.733228776138300	
302604.026860292418860	4124053.268766493536500	
302604.016892488987650	4124053.778028577100500	
302604.017460877599660	4124054.304464430082600	
302604.015222604386510	4124054.816381544806100	
302604.014422471751460	4124055.327146620955300	
302604.057411248330030	4124055.848180860746700	
302604.123667772801130	4124056.490720840636600	
302604.257091578212570	4124057.109357924666300	
302604.370958383311520	4124057.819387524854400	
302604.438422257429920	4124058.355894182808700	
302604.509615953895260	4124058.885374158620800	
302604.597844178730160	4124059.509611221030400	
302604.704652841843200	4124060.285078137181700	
302604.811150605382860	4124061.069852921180400	
302604.907218989101240	4124061.779699418228100	
302605.003663118928700	4124062.484251111280200	
302605.105760629987300	4124063.237928482238200	
302605.200672205071900	4124063.932920548133600	
302605.294392640702400	4124064.621450514067000	
302605.389704759116300	4124065.324339000973900	
302605.484060342481800	4124066.026647658553000	
302605.577899987576500	4124066.717336743604400	
302605.678910309448800	4124067.443021863233300	
302605.765885407920000	4124068.071363539435000	
302605.856930788490000	4124068.736234757583600	
302605.945177134126400	4124069.383535477798400	
302606.039952333434500	4124070.078481766395300	
302606.118783052370400	4124070.650938124861600	
302606.207247788785000	4124071.294210523832600	
302606.300126131682200	4124071.952367870602800	
302606.385329301003400	4124072.566457840614000	
302606.469755228259600	4124073.200903026852800	
302606.550006920821000	4124073.800588698126400	
302606.633594567712900	4124074.429311841726300	
302606.695930536545300	4124075.025259108748300	
302606.771883066569000	4124075.625410168897400	
302606.853897149383600	4124076.248571484815300	
302606.920880372868900	4124076.788335892371800	
302606.988126810116200	4124077.348669144790600	
302607.062283570761800	4124077.962354752700800	
302607.098225647932800	4124078.543706985656200	
302607.116005952528200	4124079.060880750883400	
302607.148464258469200	4124079.632055373396700	
302607.183352525811600	4124080.174009414855400	
302607.203362518921500	4124080.710592357907400	
302607.241956764715700	4124081.515348523389500	
302607.238707598415200	4124082.022283646278100	
302607.265327509376200	4124082.532770249992600	
302607.288788850070000	4124083.060430618934300	
302607.287650164100300	4124083.582044689450400	
302607.299054199829700	4124084.327779861632700	
302607.316509300726500	4124085.050008863676300	
302607.327774102450300	4124085.573724837042400	
302607.323254640097700	4124086.294809433165900	
302607.334297234658200	4124087.002161117270600	
302607.340871865628300	4124087.726106736343400	
302607.324161585595000	4124088.447904679458600	
302607.329956110275800	4124089.138395399320900	
302607.328490313259000	4124089.819391338154700	
302607.329031998990100	4124090.530378433875700	
302607.329169327626000	4124091.189363569021200	
302607.331505830050400	4124091.889001938514400	
302607.332681711937800	4124092.555296036880500	
302607.333189065393500	4124093.198682877700800	
302607.333520945161600	4124093.855444042943400	
302607.332904871669600	4124094.478231520857700	
302607.333791787561500	4124095.136797044426200	
302607.334461267921100	4124095.762647718656800	
302607.335500771296200	4124096.347436996176800	
302607.335172708844800	4124096.975351426284800	
302607.317266519705300	4124097.553396312054200	
302607.315645272785300	4124098.098875134717700	
302607.311058100312900	4124098.691846936009800	
302607.307721192482900	4124099.226560686249300	
302607.303736740665000	4124099.751012894325000	
302607.298361833440100	4124100.287351696752000	
302607.293465669790700	4124100.789518444333200	
302607.288836534309700	4124101.451120466459500	
302607.284572656906700	4124102.063459487166300	
302607.280276353529200	4124102.676858992781500	
302607.276838358608100	4124103.251451581716500	
302607.272291238303300	4124103.818586437497300	
302607.269077356555500	4124104.359563917852900	
302607.266142899985400	4124104.867807477247000	
302607.264279421593500	4124105.374807448126400	
302607.259604509919900	4124106.012960523832600	
302607.254961069091200	4124106.633756727911500	
302607.250698144373000	4124107.264844985678800	
302607.246811920544100	4124107.881559461355200	
302607.244421059382100	4124108.472982498351500	
302607.240140015957900	4124109.040788738057000	
302607.236390168545800	4124109.621587845031200	
302607.232814844057400	4124110.181696029380000	
302607.229700143449000	4124110.745859236922100	
302607.240961129311500	4124111.294805616606000	
302607.265213068341800	4124111.825365154072600	
302607.287700707675000	4124112.330251786857800	
302607.325491006835400	4124112.982439129613300	
302607.404839570401200	4124113.621873944997800	
302607.531020220136300	4124114.178421111311800	
302607.663233812665600	4124114.691055388189900	
302607.777880722889700	4124115.180282684043000	
302607.927138383209200	4124115.744941799435800	
302608.150211389525800	4124116.193811507429900	
302608.447772079962300	4124116.607481090351900	
302608.798795753857100	4124116.970274060033300	
302609.189146096818100	4124117.433466050773900	
302609.548179681645700	4124117.868047805037300	
302609.999991471762800	4124118.243602843489500	
302610.531236703507600	4124118.517912001814700	
302611.091125542647200	4124118.739330382552000	
302611.556663569004700	4124118.970876783132600	
302612.050838526454800	4124119.151039212010800	
302612.660633141989800	4124119.231622787658100	
302613.199337059748400	4124119.339721769094500	
302613.733352716080800	4124119.506902782712100	
302614.293090875318700	4124119.668586820364000	
302614.824573571037000	4124119.824783415999300	
302615.315490777837100	4124119.968784422148000	
302615.820888573769500	4124120.117160888388800	
302616.324644143343900	4124120.248365491628600	
302617.010410364018800	4124120.346700756344900	
302617.699377115001000	4124120.335954755079000	
302618.280372673412800	4124120.235096066258800	
302618.940437372482800	4124120.201217739842800	
302619.507408197852800	4124120.190029233694100	
302620.007902201148700	4124120.180053801741500	
302620.539115961641100	4124120.168989272788200	
302621.297548349364700	4124120.152978985570400	
302621.806875284295500	4124120.142494292464100	
302622.306778008700300	4124120.132190795149700	
302623.037546213483400	4124120.118452162481800	
302623.774894768488600	4124120.120817274320900	
302624.523904855013800	4124120.112640472594600	
302625.204055841197300	4124120.131235213484600	
302625.906469400506500	4124120.125473113730500	
302626.798345619579800	4124120.159856884740300	
302627.507576044241400	4124120.164360135793700	
302628.173637444793700	4124120.174882980529200	
302628.833072716486600	4124120.179340453352800	
302629.452049309737000	4124120.181057067588000	
302630.067123467102600	4124120.172584628220600	
302630.689422662602700	4124120.179037184454500	
302631.311683709209300	4124120.179645629134000	
302631.868549402803200	4124120.180807205382700	
302632.456348474137500	4124120.181169602088600	
302633.011219079024200	4124120.180585949216000	
302633.557048852089800	4124120.181633085478100	
302634.118427330919100	4124120.184398742858300	
302634.633148248482000	4124120.177467438392300	
302635.165950829803500	4124120.158393949735900	
302635.789333399152400	4124120.038244336843500	
302636.346962029812900	4124119.934600921347700	
302636.907615717442200	4124119.887725919950800	
302637.462204033974600	4124119.804388139396900	
302638.036769921192900	4124119.617933363188100	
302638.557724053040100	4124119.380041215103100	
302639.052616173285100	4124119.244333358015900	
302639.579769188538200	4124119.061994645278900	
302640.101955467835100	4124118.789579482283400	
302640.518112237798100	4124118.433431715238800	
302640.874492699978900	4124118.045139403548100	
302641.232349451282100	4124117.542024704162000	
302641.468410547240600	4124117.089737032074500	
302641.660987907962400	4124116.576912017539100	
302641.803421075805100	4124115.993961422238500	
302641.855514581780900	4124115.490158170927300	
302641.876049096114000	4124114.974363416899000	
302641.989708000794100	4124114.424190611578500	
302642.046955163590600	4124113.846012205351100	
302641.988411004887900	4124113.265745257027400	
302641.979961450095300	4124112.739954086951900	
302642.015815790160600	4124112.199972242116900	
302642.048252160311700	4124111.660841081757100	
302642.067050988320300	4124111.132860272657100	
302642.086689050775000	4124110.610170454252500	
302642.109092766768300	4124110.106092544272500	
302642.117866570479200	4124109.432970136404000	
302642.121719414601100	4124108.702779863495400	
302642.137901360285500	4124108.009561627171900	
302642.129367884132100	4124107.333852859679600	
302642.141033227031600	4124106.661859598476400	
302642.140220698027400	4124106.016737076453900	
302642.137542780255900	4124105.363466355018300	
302642.139133507502300	4124104.728025527671000	
302642.139419610088200	4124104.077867601066800	
302642.142093712289400	4124103.554361435119100	
302642.143528039800000	4124102.966455550864300	
302642.143520409648800	4124102.342660994734600	
302642.144001061329600	4124101.746568770147900	
302642.144680078956300	4124101.168935866095100	
302642.145504052285100	4124100.608022779692000	
302642.145961817121100	4124099.997335523366900	
302642.146472986671100	4124099.454931349027900	
302642.141891533741700	4124098.874086473137100	
302642.140117700444500	4124098.301275342237200	
302642.140392358996900	4124097.790254685096400	
302642.138523157511400	4124097.217432110570400	
302642.136909539345700	4124096.704420180525600	
302642.135131891933300	4124096.163461775519000	
302642.133670861425300	4124095.618238537106700	
302642.132434899802300	4124095.103387919254600	
302642.123493249877400	4124094.332300276029900	
302642.115707451652300	4124093.832063766662000	
302642.121738487971000	4124093.073476880323100	
302642.118400629551600	4124092.362886520102600	
302642.128898676484800	4124091.631849379744400	
302642.150558526744100	4124090.955957503989300	
302642.153789576026600	4124090.232915967237200	
302642.160575922229300	4124089.717088789679100	
302642.167690332280500	4124089.083475204650300	
302642.194862420903500	4124088.376077742315800	
302642.204464013397200	4124087.762174696195900	
302642.214569145930000	4124087.116815656423600	
302642.222415980068000	4124086.439325422979900	
302642.228363091941000	4124085.833887191955000	
302642.241504724137500	4124085.183691113255900	
302642.256149347347700	4124084.158033463172600	
302642.262489374901600	4124083.647493452765000	
302642.275985773303500	4124082.700483415741500	
302642.275947625399600	4124081.700193496421000	
302642.286083277373100	4124080.763273330871000	
302642.294326836126900	4124079.881696790922400	
302642.297954613226500	4124078.934110733680400	
302642.281909997633200	4124078.021955581847600	
302642.285846764221800	4124077.128408522810800	
302642.284549768897700	4124076.196325392928000	
302642.283206994296100	4124075.353246780578000	
302642.282589013688300	4124074.454542251769500	
302642.281829889630900	4124073.600675671827000	
302642.280696924950500	4124072.762334913015400	
302642.279937799961800	4124071.945287795271700	
302642.279487665742600	4124071.100881668273400	
302642.278266962326600	4124070.312406633514900	
302642.276329096057500	4124069.480337235145300	
302642.274314935784800	4124068.739828200545200	
302642.272598321549600	4124067.947401137556900	
302642.271438652707700	4124067.167539686430200	
302642.270233208779200	4124066.435522170737400	
302642.269886071095200	4124065.645078749861600	
302642.269352013710900	4124064.917280287947500	
302642.293945367564400	4124064.177373976912300	
302642.297237451071900	4124063.473638623021500	
302642.304119165288300	4124062.742490858770900	
302642.312862452003200	4124062.010748001281200	
302642.319049890851600	4124061.315412610303600	
302642.326313074794600	4124060.608511062338900	
302642.333419854636300	4124059.925695509184200	
302642.339759880676900	4124059.292913529090600	
302642.346015984716400	4124058.643659682478800	
302642.352962550008700	4124057.922117323614700	
302642.358791406499200	4124057.329458328895300	
302642.366661126783600	4124056.676946730818600	
302642.381744439131600	4124056.037023634184200	
302642.387191826826900	4124055.454191297292700	
302642.396461541939100	4124054.780012224335200	
302642.404972130490900	4124054.148824783042100	
302642.411449486389800	4124053.597311110701400	
302642.421466882224200	4124052.852209181524800	
302642.431747491296800	4124052.065466015599700	
302642.440231377375300	4124051.215940567199100	
302642.451183374971200	4124050.373380748089400	
302642.464630181435500	4124049.392690752167300	
302642.477287346380800	4124048.472974868491300	
302642.480091149511300	4124047.572057814337300	
302642.478248650790200	4124047.055776686407600	
302642.486782129737500	4124046.204305741004600	
302642.495430047973100	4124045.253927321638900	
302642.500289972056600	4124044.349355789367000	
302642.505085046519500	4124043.522947400343000	
302642.510589654150000	4124042.526464548893000	
302642.513366753468300	4124042.015104384627000	
302642.519050653209000	4124041.039846511558000	
302642.522174889454600	4124040.510923475493000	
302642.525093132804600	4124039.980764479842000	
302642.530208642303500	4124038.958685015328000	
302642.532985742669600	4124038.375021072105000	
302642.535640770569400	4124037.846922012977000	
302642.539085441967500	4124037.224180311896000	
302642.541900689131600	4124036.681043713819000	
302642.544246727717100	4124036.168897718191000	
302642.547096306749200	4124035.576093763579000	
302642.552860315365300	4124034.503347488120000	
302642.555770928971500	4124033.954427810386000	
302642.560703331488200	4124032.959333512001000	
302642.563800867297700	4124032.442449659575000	
302642.567295128363200	4124031.854711622465000	
302642.571910913393400	4124030.893751234747000	
302642.573314722627400	4124030.369001482148000	
302642.560981804970700	4124029.843969436362000	
302642.551963861216800	4124029.300603956915000	
302642.551895196666000	4124028.429243179504000	
302642.550159509002700	4124027.872251600958000	
302642.544929560390300	4124026.973127454519000	
302642.541618402465200	4124026.466199968476000	
302642.536254938750100	4124025.591337294318000	
302642.533958488900700	4124025.090101330541000	
302642.530742699280400	4124024.211393444799000	
302642.525348718510900	4124023.608129591681000	
302642.521942193096000	4124022.990690321662000	
302642.517299706698400	4124022.355810259469000	
302642.513263756874900	4124021.755773635581000	
302642.510253960266700	4124021.109907243401000	
302642.506729181972300	4124020.464185805991000	
302642.503963525057800	4124019.854162311181000	
302642.500900324201200	4124019.265211197082000	
302642.497531945875400	4124018.640340897255000	
302642.494415338384000	4124018.050977799576000	
302642.491184290207500	4124017.457151503768000	
302642.488639885792500	4124016.914274308830000	
302642.486648614984000	4124016.365339371376000	
302642.483905846194800	4124015.791853043716000	
302642.480453546391800	4124015.248029799201000	
302642.475990350125400	4124014.483701797202000	
302642.471847589477000	4124013.758070079610000	
302642.467704826849500	4124012.898206802085000	
302642.464618737052700	4124012.380445569288000	
302642.459144646069000	4124011.500928966794000	
302642.454307610343700	4124010.593839736190000	
302642.451385553577000	4124010.014753435273000	
302642.448726708593300	4124009.480543227401000	
302642.446266229613700	4124008.884321303573000	
302642.445697839371900	4124008.352476212196000	
302642.455371911055400	4124007.833585830405000	
302642.459083612018700	4124007.262464613188000	
302642.458583887375400	4124006.724180311896000	
302642.458026941865700	4124006.199308488052000	
302642.459194238239400	4124005.675260633696000	
302642.461940820503500	4124004.654417127371000	
302642.462669427157400	4124004.134687514510000	
302642.463230186840500	4124003.608152481262000	
302642.464473779255100	4124002.606275648344000	
302642.465694481972600	4124001.601408093702000	
302642.466293390607500	4124000.695875257719000	
302642.466285760165200	4124000.153623671271000	
302642.468494469765600	4123999.200025652070000	
302642.528633172158200	4123998.200712298043000	
302642.550258692121100	4123997.318067639600000	
302642.568756159453200	4123996.390607925598000	
302642.591022545937400	4123995.650785537437000	
302642.605983789835600	4123995.078077405225000	
302642.624649101868300	4123994.409681411460000	
302642.641342217859300	4123993.792951675132000	
302642.657852228730900	4123993.207059950102000	
302642.676414544344900	4123992.569639296271000	
302642.692894037463700	4123991.988905042410000	
302642.709163721534400	4123991.399885266554000	
302642.725059565331300	4123990.830289930105000	
302642.743335777893700	4123990.220258806366000	
302642.760978754086000	4123989.622083757538000	
302642.776516015059300	4123989.076200576033000	
302642.777679499005900	4123988.488538830541000	
302642.792480523174200	4123987.956541152205000	
302642.792125756212000	4123987.434522720054000	
302642.791847283137000	4123986.849027725868000	
302642.764270838466500	4123986.327604383696000	
302642.762394006247600	4123985.777006241027000	
302642.762081201712100	4123985.239881605841000	
302642.755649622704400	4123984.722547623329000	
302642.736923273769200	4123983.950559705961000	
302642.731758172856600	4123983.419111339375000	
302642.721183832036300	4123982.659193128813000	
302642.696231896290600	4123981.945814223029000	
302642.686054285382900	4123981.235319230705000	
302642.654190118541000	4123980.500242324080000	
302642.632476862578200	4123979.803114028648000	
302642.610740717384000	4123979.131712052971000	
302642.586231287103100	4123978.452009289991000	
302642.557430321350700	4123977.768339248840000	
302642.534931237343700	4123977.135511489119000	
302642.509769494994500	4123976.485548106488000	
302642.434986169450000	4123975.857618423179000	
302642.281257684691800	4123975.255781264976000	
302642.155258234241000	4123974.690092177130000	
302642.063297325978100	4123974.115156262647000	
302641.968051964766300	4123973.570539564826000	
302641.856052454561000	4123973.005994886626000	
302641.726078087696800	4123972.460188001860000	
302641.571891839732400	4123971.956235975493000	
302641.463188225752700	4123971.441175550688000	
302641.309589440934400	4123970.927854626440000	
302641.033168846915900	4123970.295408338774000	
302640.831146294309300	4123969.698148816824000	
302640.668674523476500	4123969.217573254369000	
302640.466796930821100	4123968.618879408110000	
302640.248786982032500	4123968.030958268326000	
302640.025161798228500	4123967.444257822819000	
302639.780670220032300	4123966.894620984793000	
302639.567085321992600	4123966.344007583335000	
302639.335094506852300	4123965.808790299110000	
302639.108673151466100	4123965.271970838774000	
302638.885994013515300	4123964.770368669648000	
302638.657424981298400	4123964.247343153227000	
302638.431057030393300	4123963.760740367696000	
302638.216545160394200	4123963.277891251259000	
302637.944789940607700	4123962.727109998930000	
302637.607154900673800	4123962.314573379699000	
302637.166412409045700	4123961.935148329008000	
302636.604633385432000	4123961.476011365186000	
302636.219398553250400	4123961.154996959958000	
302635.661304529639900	4123960.615919202100000	
302635.197952326387200	4123960.074018566869000	
302634.770565088954800	4123959.502103894483000	
302634.350307520304300	4123959.032407851890000	
302633.921253258362400	4123958.536817644257000	
302633.538673456525400	4123957.989652723074000	
302633.244278008700300	4123957.480512712616000	
302632.870468195411400	4123956.909879772924000	
302632.557128962362200	4123956.426527112257000	
302632.209201868739900	4123955.907331556082000	
302631.906986291054600	4123955.394437881187000	
302631.598247583140600	4123954.891813369468000	
302631.348873193608600	4123954.424589250702000	
302631.053108270221900	4123953.922987072263000	
302630.770645195618300	4123953.379133313894000	
302630.501834924041800	4123952.894163220190000	
302630.244094904570400	4123952.432890029624000	
302629.977985436795300	4123951.911802382674000	
302629.743095452780800	4123951.432523820549000	
302629.496978814131600	4123950.945707411971000	
302629.277763422054700	4123950.460218520369000	
302629.079433496517600	4123949.938276383560000	
302628.884719904395800	4123949.226011366118000	
302628.741546685807400	4123948.743726818822000	
302628.484710749005900	4123948.047681898344000	
302628.236408288998100	4123947.382078261115000	
302628.012481743702700	4123946.729185194708000	
302627.808113152044800	4123946.064436049201000	
302627.589897210127700	4123945.382810682058000	
302627.393772179842900	4123944.742063611280000	
302627.199237878667200	4123944.109342666809000	
302627.027057702420300	4123943.514371963684000	
302626.825658853398600	4123942.861188979354000	
302626.598711068392700	4123942.114332288969000	
302626.401662882184600	4123941.468397232238000	
302626.204900795593900	4123940.854627699126000	
302626.001894052489700	4123940.219755261205000	
302625.803834971040500	4123939.624570936896000	
302625.615718895918700	4123939.035657972097000	
302625.420440729591100	4123938.422773454338000	
302625.234014566580300	4123937.856885997579000	
302625.022172981873200	4123937.256788345054000	
302624.826150949229500	4123936.679639908951000	
302624.627212579944200	4123936.117857070640000	
302624.412153299665100	4123935.566114515532000	
302624.209945732727600	4123935.030393692199000	
302624.013301903556600	4123934.496717541944000	
302623.814939554606100	4123933.955381481443000	
302623.632295664167000	4123933.462019056547000	
302623.423196847434200	4123932.946104140021000	
302623.198202187428300	4123932.382612319663000	
302623.010072763427200	4123931.911420912482000	
302622.817081506713300	4123931.405195326079000	
302622.610086496570100	4123930.920499891974000	
302622.412042672396600	4123930.451551527716000	
302622.119710976607200	4123929.763258072548000	
302621.824274117243500	4123929.044538588263000	
302621.533508355263600	4123928.371610728558000	
302621.241100366809400	4123927.708005999681000	
302620.960903222439800	4123927.060468766373000	
302620.680822427850200	4123926.410734266043000	
302620.407045419560700	4123925.824888318311000	
302620.104526575945800	4123925.195570084266000	
302619.827484185400000	4123924.574323745444000	
302619.557872827863300	4123923.995054335333000	
302619.279937799263300	4123923.432310194243000	
302618.994003350671800	4123922.864790052176000	
302618.720289285411100	4123922.289793105330000	
302618.441261345404200	4123921.746351332404000	
302618.170448357355800	4123921.224790662993000	
302617.909826332936100	4123920.695051283576000	
302617.624967630428700	4123920.134443374816000	
302617.371051843161700	4123919.643934341148000	
302617.088024193537400	4123919.112684339285000	
302616.821418818086400	4123918.592680067755000	
302616.542623574147000	4123918.081281754188000	
302616.283109719632200	4123917.604307263158000	
302616.019006783899400	4123917.101835337933000	
302615.764413889730300	4123916.623472303152000	
302615.510406548855800	4123916.144422620535000	
302615.251604134624400	4123915.657255265396000	
302615.002439553383700	4123915.186918349005000	
302614.684675271390000	4123914.587492080405000	
302614.427221353282200	4123914.102720353287000	
302614.186187799554300	4123913.649046035483000	
302613.937418038782200	4123913.044233410619000	
302613.814275796990800	4123912.488218397368000	
302613.807441766839500	4123911.938398450147000	
302613.802429254748900	4123911.343000501394000	
302613.806554848444600	4123910.823057267349000	
302613.765796715626500	4123910.120863051619000	
302613.678276117774700	4123909.452741711866000	
302613.589418465911900	4123908.772642227821000	
302613.522831016976900	4123908.111021132674000	
302613.452966744778700	4123907.467283339705000	
302613.394613320240800	4123906.923429581802000	
302613.330011422513100	4123906.325910659507000	
302613.266971643257400	4123905.736402599607000	
302613.202774103265300	4123905.132581801619000	
302613.134359415154900	4123904.584074114449000	
302613.070068414090200	4123904.024580092169000	
302612.962596948375000	4123903.436155408621000	
302612.827417428139600	4123902.936933611985000	
302612.725408610014700	4123902.399702165276000	
302612.639572198677300	4123901.865095228888000	
302612.537494713557000	4123901.342466442846000	
302612.341457422648100	4123900.636381240096000	
302612.182951028458800	4123899.894071668852000	
302612.017034586053300	4123899.157713029068000	
302611.868366297450800	4123898.487363907974000	
302611.709562355710700	4123897.775831314269000	
302611.562950188177600	4123897.120832532179000	
302611.410106713301500	4123896.438505262602000	
302611.264305169461300	4123895.786222548224000	
302611.112398202647500	4123895.172895525116000	
302610.977293070114700	4123894.567457290832000	
302610.835987145546800	4123893.959898086265000	
302610.677453096373900	4123893.366911024787000	
302610.527653748577000	4123892.778913588263000	
302610.384253556258000	4123892.203550431412000	
302610.252567347080900	4123891.681303117424000	
302610.090461784857300	4123891.168882461265000	
302609.953485542850100	4123890.622861955781000	
302609.810691889259000	4123890.129774182104000	
302609.623964364756800	4123889.621458145324000	
302609.448048645630500	4123888.998502820265000	
302609.268990571552400	4123888.506925672758000	
302609.088807159801900	4123887.916074844543000	
302608.888644274207800	4123887.315702528693000	
302608.730386788607600	4123886.827970595565000	
302608.501794870419000	4123886.118223279249000	
302608.346185738337200	4123885.634397596586000	
302608.183390672726100	4123885.158506483305000	
302607.963059480302000	4123884.470029920340000	
302607.733470017788900	4123883.769285290968000	
302607.515268379647800	4123883.099729626905000	
302607.299433764186700	4123882.438688369934000	
302607.075986917130600	4123881.805051895324000	
302606.850944573176100	4123881.134489149321000	
302606.624379212618800	4123880.552396864630000	
302606.399637277703700	4123879.929227920715000	
302606.192293222178700	4123879.348264786880000	
302605.939835602301200	4123878.764280408155000	
302605.696936661261100	4123878.238462539855000	
302605.420069749350700	4123877.711881728843000	
302605.144886070629600	4123877.226011363324000	
302604.915203148557340	4123876.727659313008000	
302604.663884216803130	4123876.235593887512000	
302604.410372788668610	4123875.772764299065000	
302604.102006967412310	4123875.165311907884000	
302603.768623406300320	4123874.580961318687000	
302603.461640411755070	4123874.030576793943000	
302603.164317186805420	4123873.477933976334000	
302602.857781464233990	4123872.940794080496000	
302602.568985516263640	4123872.431058973074000	
302602.290422018093520	4123871.933164688759000	
302602.021087701432410	4123871.452024549246000	
302601.739013727288690	4123870.944517225027000	
302601.431614452973010	4123870.389951798134000	
302601.157221848901830	4123869.896055311896000	
302600.883252676692790	4123869.404996965080000	
302600.621920163568570	4123868.937254042365000	
302600.304807718028310	4123868.367704480886000	
302600.013607556466010	4123867.843229383696000	
302599.725155884516430	4123867.348417374771000	
302599.460591371753250	4123866.881620499771000	
302599.202946718432940	4123866.420591447502000	
302598.937852676783220	4123865.959653946105000	
302598.664578969764990	4123865.500791643281000	
302598.404037053172940	4123865.039213271812000	
302598.148722465266470	4123864.594389051665000	
302597.782316740544050	4123863.954160781577000	
302597.418950612831400	4123863.320280165412000	
302597.058779532788320	4123862.690397356171000	
302596.712999994517300	4123862.086485000327000	
302596.394342477084140	4123861.529661267530000	
302596.078834110754540	4123860.977995011024000	
302595.750018651131541	4123860.417783827987000	
302595.428488131437916	4123859.875669569708000	
302595.145912343519740	4123859.381956191268000	
302594.822919483296573	4123858.827665420249000	
302594.533861691306811	4123858.331693736836000	
302594.245581859839149	4123857.834898086730000	
302593.950376327324190	4123857.326902479865000	
302593.653470809396820	4123856.817075817846000	
302593.372681672684850	4123856.333585827146000	
302593.087249334901570	4123855.842985242605000	
302592.803167875797950	4123855.354520886671000	
302592.524293001857590	4123854.875486466102000	
302592.235673005925490	4123854.381620496511000	
302591.958082731696780	4123853.881437393371000	
302591.569049414130860	4123853.206419079565000	
302591.305739935254680	4123852.747282118537000	
302591.039214665070180	4123852.271665663924000	
302590.675324017996900	4123851.587308970746000	
302590.435998972097880	4123851.123350230046000	
302590.067937905783770	4123850.460020153318000	
302589.699472958745900	4123849.790250869468000	
302589.457421357277780	4123849.349241347983000	
302589.105472619412470	4123848.659483046271000	
302588.769905621011280	4123847.994688124396000	
302588.430305059766400	4123847.360410781112000	
302588.188682612031700	4123846.898222060874000	
302587.853453690651800	4123846.256040664855000	
302587.518745001521890	4123845.614683240186000	
302587.233126217790410	4123845.066129774787000	
302586.927700098021890	4123844.480131239165000	
302586.599419648060580	4123843.849638075568000	
302586.322818812041080	4123843.317106337287000	
302585.987256105407140	4123842.698209853377000	
302585.687075669527990	4123842.150602432899000	
302585.369568880763840	4123841.587125869002000	
302585.069215828785670	4123841.062986465171000	
302584.763886506494600	4123840.521574110724000	
302584.455044800648500	4123839.982206433546000	
302584.144881302432600	4123839.424406141974000	
302583.865656907553800	4123838.929868787993000	
302583.567283684853500	4123838.371091931593000	
302583.300416046811700	4123837.893369763624000	
302582.950357491150500	4123837.264524548780000	
302582.574827249511100	4123836.583982557990000	
302582.224428230722000	4123835.950956435408000	
302581.850795800099100	4123835.275236221962000	
302581.424153382831700	4123834.505033583380000	
302581.175259644398500	4123834.055540177505000	
302580.719668443081900	4123833.231657117140000	
302580.267113740730600	4123832.379972548690000	
302579.867371615138800	4123831.641172500793000	
302579.621911103720800	4123831.194761366118000	
302579.213131006225000	4123830.446928116027000	
302578.758119639125700	4123829.656400772743000	
302578.342210825067000	4123828.924772354774000	
302577.920921380515200	4123828.184782117605000	
302577.658683832385600	4123827.726743789390000	
302577.347932870441600	4123827.181150525343000	
302577.056469019153200	4123826.667722791899000	
302576.686937387334200	4123826.017118543852000	
302576.240766580274800	4123825.236600968521000	
302575.799591119401200	4123824.466398330405000	
302575.360328729031600	4123823.689939587377000	
302574.924282128340600	4123822.922666638158000	
302574.508649881696300	4123822.162534806412000	
302574.099973733886100	4123821.419370742515000	
302573.707956369908100	4123820.722379773390000	
302573.298139628255700	4123819.984129046090000	
302572.952442223322600	4123819.352720350493000	
302572.565988595364600	4123818.654996960424000	
302572.183467919705400	4123817.969907849096000	
302571.834285790333500	4123817.341367809568000	
302571.471641595766400	4123816.685087292921000	
302571.092353876447300	4123816.002256483771000	
302570.761438425106500	4123815.407072156668000	
302570.430185372126300	4123814.809873673134000	
302570.086624201154300	4123814.151365367230000	
302569.779121453524600	4123813.597227183636000	
302569.443769510951800	4123812.985166642815000	
302569.118217524199300	4123812.384367076214000	
302568.790103966486600	4123811.805997940246000	
302568.469650323852000	4123811.237272352446000	
302568.149595316557700	4123810.655851454008000	
302567.852081353310500	4123810.124296278693000	
302567.547843987238600	4123809.577940078452000	
302567.237628991191700	4123809.019407363143000	
302566.915071543306100	4123808.441221327055000	
302566.621435221401000	4123807.915372938849000	
302566.306221063307000	4123807.351438614074000	
302565.998487528646400	4123806.801969619002000	
302565.702688271529000	4123806.278165907133000	
302565.406898554530900	4123805.750242324546000	
302565.119005259126400	4123805.235685440246000	
302564.810979898320500	4123804.687772842124000	
302564.517261559376500	4123804.167448133696000	
302564.215904290904300	4123803.630674451124000	
302563.929111535893800	4123803.115446183830000	
302563.643816049560000	4123802.608549208846000	
302563.351850565173700	4123802.087705701590000	
302563.086580331204500	4123801.612882704940000	
302562.781604822725100	4123801.063047499862000	
302562.410438593593400	4123800.394559950102000	
302562.038539942354000	4123799.729642959312000	
302561.631359155639100	4123798.998685925733000	
302561.193214471277300	4123798.211149306968000	
302560.941356713650700	4123797.758726212196000	
302560.514556940645000	4123796.993986219633000	
302560.074173029279300	4123796.204862685874000	
302559.627956446027400	4123795.401762099005000	
302559.206085259560500	4123794.644437881187000	
302558.791675623448100	4123793.902433490381000	
302558.354831751203200	4123793.120847792830000	
302557.960052544949600	4123792.415891734418000	
302557.528759057400700	4123791.643034070730000	
302557.141696984763300	4123790.949522106443000	
302556.733356531593000	4123790.217222303618000	
302556.370864923810600	4123789.567808240186000	
302555.961750086513300	4123788.835355851799000	
302555.607917839835900	4123788.199277966749000	
302555.224914605729300	4123787.507658091839000	
302554.870704705128400	4123786.874479387421000	
302554.563655908976200	4123786.325864882674000	
302554.312171990342900	4123785.875578016508000	
302553.983333641896000	4123785.283811658621000	
302553.665351923555100	4123784.716093154158000	
302553.340599115006600	4123784.144193742424000	
302553.032329614623400	4123783.596128554549000	
302552.784214075072700	4123783.153379531577000	
302552.475395258516100	4123782.601621719543000	
302552.151195580139800	4123782.045744033996000	
302551.789959007990500	4123781.539915175643000	
302551.445900017512000	4123781.060972304083000	
302551.042926843394500	4123780.670377820265000	
302550.699157769675400	4123780.280454725493000	
302550.304302269942100	4123779.792478650343000	
302549.914627130609000	4123779.326139541809000	
302549.503582055098400	4123778.914152237121000	
302549.105835015885500	4123778.548338026740000	
302548.678745323908500	4123778.122648331802000	
302548.259738977183600	4123777.820982072037000	
302547.743064936483300	4123777.436582657509000	
302547.218620354309700	4123777.094053359702000	
302546.731315667275300	4123776.782438369934000	
302546.260494286660100	4123776.462858288083000	
302545.794334467267600	4123776.221311658155000	
302545.349269922706300	4123775.978971572127000	
302544.813892419275400	4123775.807401750237000	
302544.269424494123100	4123775.627683731727000	
302543.666511591523900	4123775.488279433455000	
302543.066368157800800	4123775.280302137136000	
302542.513183647999500	4123775.090177626349000	
302541.942356163752300	4123774.909910291433000	
302541.382915551774200	4123774.821806044318000	
302540.833049829991100	4123774.840604871046000	
302540.322204645024600	4123774.813566299621000	
302539.632099207548900	4123774.751951308921000	
302538.963634545565600	4123774.720640272368000	
302538.389019067864900	4123774.772947400808000	
302537.797851616749500	4123774.892423721962000	
302537.189300591591700	4123775.089201064780000	
302536.677406367030900	4123775.327543349005000	
302536.196075495099600	4123775.546415419318000	
302535.711303765478100	4123775.703367322683000	
302535.116207178274600	4123775.907072158996000	
302534.622474726289500	4123776.086423963774000	
302534.062675530149100	4123776.322996229865000	
302533.529064233764100	4123776.621122447774000	
302533.036090906593000	4123776.886167615652000	
302532.519020135398000	4123777.137601944618000	
302532.033935600775300	4123777.430082409643000	
302531.539249476220000	4123777.694974989630000	
302531.060741478635500	4123777.958982559387000	
302530.567054802493700	4123778.240720839705000	
302530.087631279544400	4123778.512327285018000	
302529.610664422565600	4123778.775663463864000	
302529.101501520548500	4123779.063016981352000	
302528.591125543462100	4123779.357816786971000	
302528.112785395118400	4123779.629728408530000	
302527.631950434297300	4123779.907926647924000	
302527.145355278858900	4123780.189481823705000	
302526.703277643187900	4123780.443082900718000	
302526.230346735566900	4123780.698087780736000	
302525.775779778428800	4123780.959409804083000	
302525.125450190214900	4123781.324705214240000	
302524.671302850358200	4123781.582548233215000	
302524.017478997993700	4123781.952299208846000	
302523.506462152581700	4123782.240568249952000	
302522.913528497447300	4123782.575437636580000	
302522.353248651837900	4123782.892179579474000	
302521.762641962093800	4123783.225309466477000	
302521.230918938235800	4123783.525571910199000	
302520.668861443642500	4123783.843290418852000	
302520.156028802972300	4123784.133085338864000	
302519.592758233135100	4123784.450376600958000	
302519.098846490436700	4123784.729520889930000	
302518.600791987148100	4123785.000333875883000	
302518.081207330455100	4123785.290922257118000	
302517.562995964719400	4123785.583891007584000	
302517.094001825084000	4123785.848447890021000	
302516.597457940399200	4123786.127958391793000	
302516.116790826781700	4123786.379209606908000	
302515.632721001340500	4123786.630582900718000	
302515.166648919577700	4123786.872831433546000	
302514.717155510501500	4123787.107542126440000	
302514.116233880166000	4123787.403532117605000	
302513.550079399661600	4123787.679716200102000	
302512.994140679948000	4123787.938810441643000	
302512.438880974310500	4123788.114164444152000	
302511.920356806309400	4123788.304838273674000	
302511.431808526394900	4123788.479826064780000	
302510.855224663741000	4123788.695921038743000	
302510.302291925414500	4123788.897764295340000	
302509.766410882817600	4123789.066923231818000	
302509.262237604067200	4123789.185819717124000	
302508.729255732323500	4123789.302885148209000	
302508.171501215198100	4123789.416074843146000	
302507.579879815457400	4123789.501401989255000	
302506.968544060946400	4123789.629606334958000	
302506.402008112578200	4123789.691404429730000	
302505.799873407231600	4123789.642850964796000	
302505.220146233332300	4123789.578733532690000	
302504.630554255156300	4123789.582304092124000	
302504.123970087617600	4123789.554411023855000	
302503.487083491170800	4123789.503233048599000	
302502.878273065201900	4123789.391019910108000	
302502.369918879005100	4123789.207517713774000	
302501.870071467128600	4123789.073637098540000	
302501.375122124445600	4123788.971372697037000	
302500.811744744016300	4123788.813535780180000	
302500.287101801252000	4123788.594053358305000	
302499.721588189946500	4123788.259977431037000	
302499.127494866494100	4123787.980192272924000	
302498.583389338105900	4123787.664365861099000	
302498.035057123284800	4123787.312284560874000	
302497.630004937294900	4123786.929380509071000	
302497.223403986310600	4123786.500944228377000	
302496.758415277698100	4123786.115629286505000	
302496.288917596451900	4123785.712919326965000	
302495.836280877236300	4123785.306943980977000	
302495.493148858426100	4123784.849882215261000	
302495.254249627585500	4123784.356138318777000	
302494.966583306086000	4123783.939085096121000	
302494.669609124132000	4123783.455717176199000	
302494.446121269837000	4123783.002256483771000	
302494.195892388991000	4123782.505857557990000	
302493.884033258539000	4123781.977109996602000	
302493.595245416858000	4123781.479185196571000	
302493.250740107265000	4123780.887052628677000	
302492.998580986983000	4123780.453123182524000	
302492.726905876887000	4123779.985471817199000	
302492.362648065260000	4123779.355405895505000	
302492.008781487937000	4123778.748716446105000	
302491.645706231007000	4123778.123441786505000	
302491.284820611880000	4123777.501951306593000	
302490.921569880040000	4123776.877164932899000	
302490.590126093477000	4123776.309751600493000	
302490.235908562550000	4123775.670255750418000	
302489.935989434598000	4123775.100797744468000	
302489.575889641361000	4123774.476987927221000	
302489.274154717335000	4123773.937925430480000	
302488.938308771525000	4123773.337553116959000	
302488.612976129225000	4123772.757474988233000	
302488.328559931135000	4123772.249906628393000	
302488.020546013722000	4123771.695829481818000	
302487.698089654557000	4123771.101865856443000	
302487.408577020455000	4123770.585538954008000	
302487.115631158289000	4123770.055418105330000	
302486.815063532325000	4123769.513731094077000	
302486.538574274105000	4123769.018888563383000	
302486.253913933760000	4123768.507413958199000	
302485.945831354358000	4123767.976499648299000	
302485.683715876017000	4123767.504392713308000	
302485.389877374750000	4123766.980009167455000	
302485.112228448736000	4123766.490598771721000	
302484.733390863286000	4123765.820036025252000	
302484.388069206965000	4123765.205106826033000	
302484.050231987610000	4123764.575407119002000	
302483.711326653603000	4123763.912077040412000	
302483.376976068772000	4123763.317411514930000	
302483.054840143071000	4123762.719144911971000	
302482.705101068015000	4123762.087064831518000	
302482.385932976729000	4123761.523435686249000	
302482.058433586906000	4123760.925047008786000	
302481.731849725300000	4123760.334837053902000	
302481.426376396557000	4123759.740446180105000	
302481.126388605800000	4123759.194334122818000	
302480.825889641710000	4123758.644132704474000	
302480.503807123343000	4123758.075925920159000	
302480.198600824806000	4123757.512205214240000	
302479.898605401511000	4123756.964811416343000	
302479.504203851335000	4123756.246244523209000	
302479.106903131469000	4123755.520078747533000	
302478.691246087023000	4123754.774381725118000	
302478.295784050482000	4123754.055479138624000	
302477.884864862892000	4123753.310697644483000	
302477.437309320027000	4123752.492704479955000	
302477.158401545254000	4123751.985960097518000	
302476.857116754574000	4123751.440244766884000	
302476.598030144698000	4123750.972379776184000	
302476.260139519349000	4123750.361723035108000	
302475.947570855264000	4123749.794401256833000	
302475.619751030928000	4123749.199369522277000	
302475.367950495565000	4123748.742826552596000	
302475.058036860079000	4123748.188566296361000	
302474.745124872657000	4123747.637662977446000	
302474.445602472057000	4123747.101011367049000	
302474.163063103333000	4123746.591581433080000	
302473.880157524720000	4123746.082334608771000	
302473.594848688808000	4123745.570036023390000	
302473.298362785950000	4123745.036649793852000	
302473.020645196782000	4123744.536924453452000	
302472.735382134444000	4123744.024870010093000	
302472.459480340360000	4123743.530424209777000	
302472.190452630399000	4123743.048185442109000	
302471.858276423009000	4123742.451322643552000	
302471.589950616995000	4123741.969663709868000	
302471.258384759014000	4123741.375059216749000	
302470.932678277255000	4123740.791257947218000	
302470.671157892153000	4123740.322416396346000	
302470.353958185937000	4123739.753873916809000	
302470.074157770665000	4123739.252500624396000	
302469.717468317482000	4123738.613889785949000	
302469.408142144326000	4123738.059904190712000	
302469.088600213523000	4123737.486814589240000	
302468.752632196178000	4123736.883268445265000	
302468.459884697688000	4123736.357206432149000	
302468.119041496771000	4123735.745908830781000	
302467.803596551006000	4123735.182035536040000	
302467.493736322154000	4123734.628599257208000	
302467.199218804715000	4123734.100126356818000	
302466.895843559934000	4123733.555173966102000	
302466.599762018537000	4123733.024412245490000	
302466.259994561318000	4123732.419096084777000	
302465.958663996600000	4123731.881376358215000	
302465.596206719929000	4123731.230100722983000	
302465.272827202803000	4123730.648832411505000	
302464.984298761468000	4123730.132017227355000	
302464.634491022909000	4123729.507474987768000	
302464.305252130027000	4123728.918211073615000	
302463.985702569829000	4123728.345396131743000	
302463.658279474010000	4123727.758909316733000	
302463.392944391468000	4123727.284208385739000	
302463.084274346591000	4123726.732664197218000	
302462.759628350846000	4123726.152006241027000	
302462.441650444467000	4123725.582944960799000	
302462.136230523931000	4123725.036222547293000	
302461.861892754678000	4123724.545255751815000	
302461.569335993554000	4123724.021177380811000	
302461.259689385537000	4123723.466520401184000	
302460.912033137109000	4123722.844572157133000	
302460.602523858659000	4123722.291532605886000	
302460.277206477011000	4123721.708311172202000	
302459.943939263816000	4123721.109037488699000	
302459.616882378585000	4123720.522428600583000	
302459.325561577629000	4123720.001524063759000	
302459.005432183854000	4123719.428403941914000	
302458.663070732786000	4123718.809232803062000	
302458.350540216896000	4123718.244688122533000	
302458.080307062715000	4123717.760130019393000	
302457.766250666173000	4123717.199308487587000	
302457.444305475103000	4123716.622007457074000	
302457.126358086709000	4123716.047880261205000	
302456.844253595686000	4123715.539548965637000	
302456.576461846358000	4123715.059476939961000	
302456.240570124472000	4123714.459104629233000	
302455.968338066945000	4123713.972257700749000	
302455.658966119576000	4123713.418363664765000	
302455.397003227903000	4123712.949094866402000	
302455.081161554845000	4123712.383573622443000	
302454.788253838429000	4123711.859281630255000	
302454.254653985146000	4123710.902280895971000	
302453.970214899513000	4123710.391019911505000	
302453.711669977754000	4123709.927152728662000	
302453.424804741750000	4123709.413694469724000	
302453.164047296159000	4123708.947202774230000	
302452.911026055459000	4123708.494901747443000	
302452.634231623146000	4123707.999906632584000	
302452.372421320062000	4123707.531461806502000	
302452.101364190108000	4123707.046232312452000	
302451.840744072455000	4123706.579618544318000	
302451.549163872958000	4123706.058897107840000	
302451.267623957363000	4123705.557157605886000	
302450.941467340919000	4123704.974638079293000	
302450.678909356880000	4123704.504667371511000	
302450.374786432949000	4123703.960020156577000	
302450.085922296217000	4123703.442930314224000	
302449.765274101752000	4123702.899747941643000	
302449.461822565354000	4123702.378782362677000	
302449.183654839871000	4123701.889677135739000	
302448.833541924600000	4123701.271635144949000	
302448.500946100394000	4123700.698057262227000	
302448.223556574434000	4123700.227262587752000	
302447.903320367797000	4123699.784666150343000	
302447.560699518654000	4123699.378690809011000	
302447.178955133073000	4123698.825529191177000	
302446.844253594871000	4123698.275236222427000	
302446.545715386630000	4123697.873136612121000	
302446.182479914394000	4123697.331876843236000	
302445.755050714361000	4123696.713773817290000	
302445.465972956154000	4123696.292234511115000	
302445.148727470892000	4123695.864591689780000	
302444.838165338791000	4123695.429685683921000	
302444.540405328036000	4123695.004819960799000	
302444.092697197921000	4123694.402860731352000	
302443.802352960804000	4123693.991087047383000	
302443.346252496587000	4123693.422819228843000	
302442.856796319655000	4123692.931272597052000	
302442.401855522883000	4123692.386594864074000	
302442.026596124284000	4123691.852384658996000	
302441.591995293507000	4123691.326627820730000	
302441.164032037545000	4123690.843168348074000	
302440.762115533231000	4123690.348051161971000	
302440.348022515303000	4123689.885618300643000	
302439.925872857508000	4123689.509580701590000	
302439.523254450294000	4123689.101102919783000	
302439.129684503307000	4123688.686002820265000	
302438.726059014443000	4123688.301542370114000	
302438.296768244240000	4123687.949155899230000	
302437.870132502052000	4123687.622617811896000	
302437.443313653348000	4123687.290525524411000	
302436.939361626806000	4123686.878446667455000	
302436.524368340499000	4123686.570585341658000	
302436.092605646001000	4123686.276060194708000	
302435.555526789627000	4123685.894407363143000	
302434.993911799043000	4123685.571775527671000	
302434.573867852334000	4123685.280698868912000	
302433.999862725264000	4123684.965482799802000	
302433.409668024629000	4123684.665708632208000	
302432.836669976008000	4123684.336637588684000	
302432.246002251864000	4123684.031156629790000	
302431.651321465790000	4123683.741941540968000	
302431.180984552368000	4123683.547514053062000	
302430.581390436622000	4123683.260923475027000	
302430.116607720964000	4123683.051328751724000	
302429.642807061784000	4123682.846983043477000	
302429.017105156556000	4123682.581449601799000	
302428.419525200734000	4123682.324277970009000	
