302438.446350152022000	4123669.392850966193000	
302438.630340630421000	4123669.916135879233000	
302438.806671197875000	4123670.417387098540000	
302439.000000054599000	4123670.960844127927000	
302439.183212335280000	4123671.478117081802000	
302439.352249199990000	4123671.955045790877000	
302439.560150201549000	4123672.539793105330000	
302439.735168511164000	4123673.017057508230000	
302439.937072808156000	4123673.567319961730000	
302440.143447931099000	4123674.085538957734000	
302440.351806694758000	4123674.568754282314000	
302440.580780084012000	4123675.115751359146000	
302440.814422661671000	4123675.629362196196000	
302441.025207575061000	4123676.115507218055000	
302441.234359795926000	4123676.573637099471000	
302441.478195245378000	4123677.037443249486000	
302441.710189874284000	4123677.532194228843000	
302441.947189386003000	4123678.015195935965000	
302442.168319758144000	4123678.475339978933000	
302442.397934015840000	4123678.938993544783000	
302442.654312189436000	4123679.468198866583000	
302442.917221124924000	4123679.992887589615000	
302443.169143730658000	4123680.478239149321000	
302443.414398247958000	4123680.965116592590000	
302443.707626397954000	4123681.488248917274000	
302443.976516778348000	4123682.008939833846000	
302444.243530328153000	4123682.478544325102000	
302444.503799493134000	4123682.944028943777000	
302444.748474176798000	4123683.387815565802000	
302445.075531060924000	4123683.984800432343000	
302445.322998102405000	4123684.436063858680000	
302445.659713799309000	4123685.021909805015000	
302445.900436457014000	4123685.461149307434000	
302446.145248467743000	4123685.898252576590000	
302446.464935358614000	4123686.472135635093000	
302446.763839776046000	4123687.007841200102000	
302447.071853693167000	4123687.562742325943000	
302447.376190241310000	4123688.110349745024000	
302447.674865777779000	4123688.645689101424000	
302447.964965875843000	4123689.166441050358000	
302448.323196467245000	4123689.810819719452000	
302448.655761772883000	4123690.413450328633000	
302448.996276911232000	4123691.025449843146000	
302449.328857476823000	4123691.623289199546000	
302449.670425468998000	4123692.237028212287000	
302449.981903131003000	4123692.797208878677000	
302450.309829767270000	4123693.385770888533000	
302450.609603937948000	4123693.924131484702000	
302450.917282159498000	4123694.492643447593000	
302451.211044366937000	4123695.021757217590000	
302451.520278985146000	4123695.582609266508000	
302451.813110405637000	4123696.112638562918000	
302452.090042170254000	4123696.613645644393000	
302452.355270440981000	4123697.094053360634000	
302452.611511286232000	4123697.558195201680000	
302452.871505791671000	4123698.028867812827000	
302453.130889947875000	4123698.489591687918000	
302453.393478448736000	4123698.964628310874000	
302453.639968927018000	4123699.407896135002000	
302453.893829400651000	4123699.865232557058000	
302454.264785820618000	4123700.532804579474000	
302454.629257256980000	4123701.190672012512000	
302454.876861626341000	4123701.634916395880000	
302455.217651422019000	4123702.248685928062000	
302455.569122370216000	4123702.881559463684000	
302455.920654352580000	4123703.514890759252000	
302456.257400567294000	4123704.122892470565000	
302456.599700983264000	4123704.738401502836000	
302456.932647760492000	4123705.337461560965000	
302457.246795709769000	4123705.902372450568000	
302457.572418267489000	4123706.487058728002000	
302457.879791314364000	4123707.039701556321000	
302458.196075494401000	4123707.608091443311000	
302458.496261652268000	4123708.147459120024000	
302458.796752985334000	4123708.686826794408000	
302459.084701592452000	4123709.203703016974000	
302459.381393488729000	4123709.736570449080000	
302459.654907282093000	4123710.226652233861000	
302459.939025934145000	4123710.723936168477000	
302460.226089532836000	4123711.237730115652000	
302460.496704157558000	4123711.720060437918000	
302460.748367365450000	4123712.168424697127000	
302461.024231011339000	4123712.658872693311000	
302461.281219538243000	4123713.115964978933000	
302461.533966118935000	4123713.565122695174000	
302461.864685114706000	4123714.153043837287000	
302462.226760919904000	4123714.795988173224000	
302462.471954400302000	4123715.232542125508000	
302462.822998102871000	4123715.859037490562000	
302463.157470758189000	4123716.453245254699000	
302463.511261041043000	4123717.081144421827000	
302463.844909721869000	4123717.675443742890000	
302464.169235285022000	4123718.255827044137000	
302464.499282892095000	4123718.842954725958000	
302464.820037897618000	4123719.413358776830000	
302465.177078301262000	4123720.049528212287000	
302465.462188776350000	4123720.558225725312000	
302465.751693781698000	4123721.074003310874000	
302466.032241875655000	4123721.573423474096000	
302466.315872247913000	4123722.078245253302000	
302466.571334894805000	4123722.533109752461000	
302466.853088434669000	4123723.035215472337000	
302467.117851312621000	4123723.507291886490000	
302467.374771172239000	4123723.965116590727000	
302467.633041436202000	4123724.424436659086000	
302467.899047906045000	4123724.897672743071000	
302468.146530205617000	4123725.337461562827000	
302468.503791864263000	4123725.973508922849000	
302468.768890436040000	4123726.445402235258000	
302469.121841486078000	4123727.072996228468000	
302469.482482965512000	4123727.714231580030000	
302469.829818780010000	4123728.331388561986000	
302470.089042717591000	4123728.791929335799000	
302470.419784601079000	4123729.379880994558000	
302470.709762628423000	4123729.895689102821000	
302471.005493218894000	4123730.421659562271000	
302471.312965447898000	4123730.968626114074000	
302471.592971856298000	4123731.467191785108000	
302471.882545525208000	4123731.982053847518000	
302472.165084893000000	4123732.484251114074000	
302472.462432917091000	4123733.012327281758000	
302472.741996821016000	4123733.508512587287000	
302473.005058342766000	4123733.976591200568000	
302473.291030938679000	4123734.485136124771000	
302473.553527886223000	4123734.951170058921000	
302473.824104364729000	4123735.431608289015000	
302474.097129876434000	4123735.915647593793000	
302474.366706903791000	4123736.393583387602000	
302474.618011528975000	4123736.839658829384000	
302474.869789179182000	4123737.286802379414000	
302475.137451227638000	4123737.761869521812000	
302475.510742242099000	4123738.424375628587000	
302475.771728570224000	4123738.886472792365000	
302476.137779290206000	4123739.535215465818000	
302476.394050652860000	4123739.989957899321000	
302476.754180963268000	4123740.628568741493000	
302477.114830072853000	4123741.269498916343000	
302477.456489617063000	4123741.877744763624000	
302477.705413872784000	4123742.319273088127000	
302478.038536125969000	4123742.909788222052000	
302478.288688715722000	4123743.353605360258000	
302478.617485101684000	4123743.940214245114000	
302478.940925653500000	4123744.536893933546000	
302479.260543878889000	4123745.108274549246000	
302479.587234551203000	4123745.696470350493000	
302479.891632134677000	4123746.245328994002000	
302480.197082575178000	4123746.799039930105000	
302480.501716668776000	4123747.347654433921000	
302480.821815545962000	4123747.923429580405000	
302481.107772882853000	4123748.438016981352000	
302481.401062066900000	4123748.966550917830000	
302481.701507622376000	4123749.507444472518000	
302481.988769585150000	4123750.023466200102000	
302482.255889946886000	4123750.504209610168000	
302482.504631097487000	4123750.951749891043000	
302482.871795708314000	4123751.611845107749000	
302483.195655877935000	4123752.194578262046000	
302483.527298028755000	4123752.791624159552000	
302483.807479913114000	4123753.295682996046000	
302484.122963006259000	4123753.863401503768000	
302484.405532892561000	4123754.371244519949000	
302484.707260187599000	4123754.911588759627000	
302485.014572199550000	4123755.463499158621000	
302485.289848382003000	4123755.959043594077000	
302485.576515251712000	4123756.474454971496000	
302485.862663324922000	4123756.987760630902000	
302486.160469110531000	4123757.519285291433000	
302486.436691338196000	4123758.015012831427000	
302486.712081963953000	4123758.510343641508000	
302486.981102045276000	4123758.993497937918000	
302487.252937371493000	4123759.482328505255000	
302487.525497492054000	4123759.972379776649000	
302487.790077265119000	4123760.447843641508000	
302488.047409113031000	4123760.909910292365000	
302488.308219965780000	4123761.378202528693000	
302488.569297844544000	4123761.847471327521000	
302488.820861871820000	4123762.300291151274000	
302489.080650383956000	4123762.769163222052000	
302489.448707634816000	4123763.430570690893000	
302489.815261896583000	4123764.088956921827000	
302490.178108271386000	4123764.740354628302000	
302490.535766657442000	4123765.381498429459000	
302490.883087213617000	4123766.005033586174000	
302491.238922173041000	4123766.644041148480000	
302491.578628596151000	4123767.253568741027000	
302491.924148614053000	4123767.870695202611000	
302492.269645745982000	4123768.489988417830000	
302492.610366875771000	4123769.101194472518000	
302492.946106011863000	4123769.703764053527000	
302493.259170587407000	4123770.265318007208000	
302493.586135918391000	4123770.851621716749000	
302493.898185784405000	4123771.436491105240000	
302494.218574578757000	4123772.014280409552000	
302494.544426019187000	4123772.611875623465000	
302494.845619256434000	4123773.159391493537000	
302495.135185296123400	4123773.686124891974000	
302495.441749627469100	4123774.244688122533000	
302495.734504754422200	4123774.778623673599000	
302496.084625298972200	4123775.417203994002000	
302496.372139031416700	4123775.938963024411000	
302496.636406000820000	4123776.419950576033000	
302496.943229729193300	4123776.979185194243000	
302497.289802605868300	4123777.610715956893000	
302497.616142327082300	4123778.197691053618000	
302497.952613885921900	4123778.796537489630000	
302498.275100762373800	4123779.384153456893000	
302498.599807795137200	4123779.969480604399000	
302498.893775994307400	4123780.499998183921000	
302499.233215388201600	4123781.113554091658000	
302499.535072380909700	4123781.659940813668000	
302499.825477654056200	4123782.182890031487000	
302500.138855034543700	4123782.747282120865000	
302500.402618464082500	4123783.223234266508000	
302500.701652582909400	4123783.763090222608000	
302500.965309198247300	4123784.239835830405000	
302501.263969475985500	4123784.778135390952000	
302501.550582940864800	4123785.294950576499000	
302501.804153497330800	4123785.752500623465000	
302502.077430779871100	4123786.244993301108000	
302502.336441094055800	4123786.712553116493000	
302502.600418146117600	4123787.191526502371000	
302502.851646477822200	4123787.646848768461000	
302503.105926569434800	4123788.105375381187000	
302503.369392449967600	4123788.578855603933000	
302503.621902521350400	4123789.032835094258000	
302503.866317804553500	4123789.474943249952000	
302504.235321099520700	4123790.141660783440000	
302504.606361444573800	4123790.807127092034000	
302504.966079765814400	4123791.453428358771000	
302505.302253778674600	4123792.077482313383000	
302505.656509454362100	4123792.711057756562000	
302506.003021294367500	4123793.340055557434000	
302506.336807305458900	4123793.947965715080000	
302506.689697319991000	4123794.586149305105000	
302507.015976006281600	4123795.177763075568000	
302507.334259089198900	4123795.753782361746000	
302507.628448541043300	4123796.285581678618000	
302507.944076592801100	4123796.862638564315000	
302508.221244866377700	4123797.367551894858000	
302508.533432061085500	4123797.936491105240000	
302508.817207391606600	4123798.449339004233000	
302509.103927667136300	4123798.968504044693000	
302509.397110040299600	4123799.503324598540000	
302509.704124506155500	4123800.062070936430000	
302509.974533135129600	4123800.552854628302000	
302510.255645807832500	4123801.063078016974000	
302510.529579217662100	4123801.560361950193000	
302510.806488092872300	4123802.063505266793000	
302511.087013298762000	4123802.573270886205000	
302511.360702570644200	4123803.068998424336000	
302511.659126336278900	4123803.610563369468000	
302512.012725884444100	4123804.252500625793000	
302512.307197626680100	4123804.785337539855000	
302512.676170403254200	4123805.449552625418000	
302513.013618524069900	4123806.061582657974000	
302513.353424127446500	4123806.678495495114000	
302513.703079277649500	4123807.292997450102000	
302514.021911675925400	4123807.865049451590000	
302514.343582208559400	4123808.445127580781000	
302514.669815118366400	4123809.029539196752000	
302514.989883478381700	4123809.603880017996000	
302515.288971002795700	4123810.141386121977000	
302515.594375665299600	4123810.689970107283000	
302515.903327995736600	4123811.243894667830000	
302516.214447075966700	4123811.801969619468000	
302516.505218560632800	4123812.323331921827000	
302516.801666314713700	4123812.854093644302000	
302517.091873224824700	4123813.373624893371000	
302517.392334039090200	4123813.912168594077000	
302517.676620539219600	4123814.421629042365000	
302517.950424248585500	4123814.912107557058000	
302518.229637201817200	4123815.411588758230000	
302518.503730829572300	4123815.901945204474000	
302518.786628778325400	4123816.408598038368000	
302519.042633112287100	4123816.866941542365000	
302519.322456414578500	4123817.368681043386000	
302519.577964838536000	4123817.830930801108000	
302519.839355522999500	4123818.302335828543000	
302520.097786004538600	4123818.764371963684000	
302520.348373468848900	4123819.212949847337000	
302520.591659601603200	4123819.664548967034000	
302520.840713555575300	4123820.125852676108000	
302521.086631829268300	4123820.569089980796000	
302521.430801446316800	4123821.197874159086000	
302521.677650505560500	4123821.645872207358000	
302522.027183586731600	4123822.281339736190000	
302522.368446404114400	4123822.899076550268000	
302522.713302667310900	4123823.524320694152000	
302522.996978814830100	4123824.040128798224000	
302523.425163324107400	4123824.818052380811000	
302523.733490044949600	4123825.377531141508000	
302524.014831598266000	4123825.887815563940000	
302524.298858698573900	4123826.403532121330000	
302524.564331108587800	4123826.884855361190000	
302524.834915216895800	4123827.376035781112000	
302525.098907525418300	4123827.855314346496000	
302525.363075312343400	4123828.335416884162000	
302525.626785333210100	4123828.814939589240000	
302525.899353082059000	4123829.309537978377000	
302526.264144952758200	4123829.971738907509000	
302526.527214105241000	4123830.450040909462000	
302526.901405388605800	4123831.130155650899000	
302527.245788629399600	4123831.755033586174000	
302527.495269831270000	4123832.208829970565000	
302527.851867729739800	4123832.859403702430000	
302528.202934320084800	4123833.499204726890000	
302528.549736077548000	4123834.128660292365000	
302528.877700861543400	4123834.712553116027000	
302529.211471613089100	4123835.313169570174000	
302529.568161066621500	4123835.957548230421000	
302529.946350151905800	4123836.635130019858000	
302530.233512933366000	4123837.146146862302000	
302530.531898553832400	4123837.679166882765000	
302530.797630365821500	4123838.159483043477000	
302531.068996484507800	4123838.647520156577000	
302531.345531518571100	4123839.142484757584000	
302531.626773889001900	4123839.645444961730000	
302531.913734490051900	4123840.162046521902000	
302532.165191704989400	4123840.616392228752000	
302532.423637445201200	4123841.083616345190000	
302532.692115838057400	4123841.568113418296000	
302532.962226922391000	4123842.053037733305000	
302533.217781121376900	4123842.511961072218000	
302533.493698176113000	4123843.008665172849000	
302533.868167931097600	4123843.687681288458000	
302534.116989191388700	4123844.137235731352000	
302534.377933556446800	4123844.604520885739000	
302534.751365717616900	4123845.271482559852000	
302535.121963556855900	4123845.935300918762000	
302535.375278527208100	4123846.392332166433000	
302535.729133661370700	4123847.024961560499000	
302536.091095024719800	4123847.672727674246000	
302536.455108697467900	4123848.324949359056000	
302536.709880884212900	4123848.781187149696000	
302537.007743891212200	4123849.314878552686000	
302537.333866173459700	4123849.897825329099000	
302537.630329188075800	4123850.430326554924000	
302537.945030266535500	4123850.995390029158000	
302538.256591851648400	4123851.553831190336000	
302538.539566094463200	4123852.061185926199000	
302538.846218164544600	4123852.609525770415000	
302539.241012627433500	4123853.316343397833000	
302539.604717309295700	4123853.968656628858000	
302539.963676506828100	4123854.612150281202000	
302540.336895044427400	4123855.279966445640000	
302540.665630396222700	4123855.869108290877000	
302541.015716608031700	4123856.496732799802000	
302541.350124414544600	4123857.095792861655000	
302541.714309747563700	4123857.748838513624000	
302542.044086512061800	4123858.340452286880000	
302542.383789116516700	4123858.948637100868000	
302542.710109765292100	4123859.533140271436000	
302543.037452753342200	4123860.119382950012000	
302543.352180535206600	4123860.681547257584000	
302543.655963953002400	4123861.223875135183000	
302543.992164667812200	4123861.826078505255000	
302544.272808130597700	4123862.328733535483000	
302544.539348657126500	4123862.804563610349000	
302544.786277826991900	4123863.244138808455000	
302545.066616112482700	4123863.744138807058000	
302545.323558861855400	4123864.203519912437000	
302545.586437281395800	4123864.672971815802000	
302545.856594141514500	4123865.159269423690000	
302546.223651941400000	4123865.817960830871000	
302546.573200280778100	4123866.441770644858000	
302546.940609032055400	4123867.098569958005000	
302547.277103478089000	4123867.701170059387000	
302547.624645288917200	4123868.322050184477000	
302547.950077112764100	4123868.902311413549000	
302548.295604760933200	4123869.519285290502000	
302548.610691125388300	4123870.081846327055000	
302548.946868952480100	4123870.682035536505000	
302549.260627800598700	4123871.242673963774000	
302549.586677606508600	4123871.824827285483000	
302549.879177148279300	4123872.347105117049000	
302550.191524561261800	4123872.905515762977000	
302550.480506952968400	4123873.424070446752000	
302550.799320275778900	4123873.994688126724000	
302551.086750086513300	4123874.508360000793000	
302551.369091089931300	4123875.012632460799000	
302551.661685998202300	4123875.523618788458000	
302551.949417168856600	4123876.024168103468000	
302552.220661219093000	4123876.507261367515000	
302552.498180444352300	4123876.994688123930000	
302552.774459894164500	4123877.482145398855000	
302553.067504938808300	4123877.999754040502000	
302553.323123986134300	4123878.448606580030000	
302553.581829126807900	4123878.903196426108000	
302553.857177788682700	4123879.387937635649000	
302554.110775049077300	4123879.834714982659000	
302554.373039301659400	4123880.296690075658000	
302554.643180902465200	4123880.773374646436000	
302555.011268670437900	4123881.420652482659000	
302555.401462610752800	4123882.107816786040000	
302555.657295281882400	4123882.559812635183000	
302556.006435448420200	4123883.176908581983000	
302556.282348688808300	4123883.632719132584000	
302556.626659447734700	4123884.239774795249000	
302556.995170647511300	4123884.876463023480000	
302557.347320611414000	4123885.490659805015000	
302557.659393366309800	4123886.031736465637000	
302558.001342827337800	4123886.626340954565000	
302558.269931847869900	4123887.090849009808000	
302558.600620323675700	4123887.665128800087000	
302558.936695153825000	4123888.246519177686000	
302559.282932336675000	4123888.847166152671000	
302559.593811089638600	4123889.385892959777000	
302559.920608575921500	4123889.951475234237000	
302560.226341301924500	4123890.480543228332000	
302560.545936638896800	4123891.033033461776000	
302560.810222680273000	4123891.490888685919000	
302561.112388665322200	4123892.014204116073000	
302561.433597618946800	4123892.569700332358000	
302561.714817101019400	4123893.053358165082000	
302562.004722650046500	4123893.552503674291000	
302562.291351373540200	4123894.048856826499000	
302562.560096795088600	4123894.545179458801000	
302562.804241234785900	4123895.040571302641000	
302563.085605676984400	4123895.542585465126000	
302563.327390725724400	4123896.017561049201000	
302563.654830987274200	4123896.619794939179000	
302563.891586359124600	4123897.061536879279000	
302564.187374171102400	4123897.651929944754000	
302564.498615320713700	4123898.234205338173000	
302564.791431481018700	4123898.846174331848000	
302565.077755028847600	4123899.408567518461000	
302565.363613184425000	4123899.991148083005000	
302565.616872843063900	4123900.526807875838000	
302565.889919335953900	4123901.075117200147000	
302566.139381462591700	4123901.615308849607000	
302566.404356058570600	4123902.164808363654000	
302566.661045129876600	4123902.702726453543000	
302566.911567742936300	4123903.225614636205000	
302567.153122004179700	4123903.727796643507000	
302567.376686152070800	4123904.193235485349000	
302567.606298500788400	4123904.706892103888000	
302567.815805490710800	4123905.173933117185000	
302568.041740471613600	4123905.660825820174000	
302568.260574396466800	4123906.134809586219000	
302568.471118982997700	4123906.589460465126000	
302568.738092476502100	4123907.191053478513000	
302569.007371958170600	4123907.778822034132000	
302569.270864541060300	4123908.355756850913000	
302569.502862986410000	4123908.924558731262000	
302569.679019983450400	4123909.484190075193000	
302569.901626642735200	4123910.024381725583000	
302570.153518730658100	4123910.527799696662000	
302570.449049051851000	4123911.197874158621000	
302570.751331384235500	4123911.882459733170000	
302571.036054666619700	4123912.532301038504000	
302571.310655647772400	4123913.158979505301000	
302571.588375146675400	4123913.794645399321000	
302571.849256569577800	4123914.391950698104000	
302572.121061380603400	4123914.983625504188000	
302572.376670891593700	4123915.534925550688000	
302572.647804316249700	4123916.151334853377000	
302572.959457452525400	4123916.843961806037000	
302573.339138086827000	4123917.688139052130000	
302573.658638054621400	4123918.399259658065000	
302573.993743951898100	4123919.145628062543000	
302574.329351480642800	4123919.891782853287000	
302574.679420527187200	4123920.670713512693000	
302575.000383432372500	4123921.384336561896000	
302575.346216257312300	4123922.151777357329000	
302575.648790414328700	4123922.827100844122000	
302575.964908654568700	4123923.530195326079000	
302576.283029610349300	4123924.236631483305000	
302576.609014565066900	4123924.965116590261000	
302576.908840234275000	4123925.634336563759000	
302577.219213540433000	4123926.323911758605000	
302577.500917489058300	4123926.951337906532000	
302577.791912132699500	4123927.602933974937000	
302578.095922524924400	4123928.281675428152000	
302578.378160531632600	4123928.909696667921000	
302578.666133936145300	4123929.550489515532000	
302578.957037026528300	4123930.198453994002000	
302579.225318964221500	4123930.802412123885000	
302579.485938127501900	4123931.384153457824000	
302579.762078340572800	4123931.994306656532000	
302580.066261347499700	4123932.602125256322000	
302580.312625940074200	4123933.154844375793000	
302580.583145196840600	4123933.748014539480000	
302580.837201173999300	4123934.291151137091000	
302581.053132112603600	4123934.759550183546000	
302581.275152262300300	4123935.233381361235000	
302581.516944939736300	4123935.671430676710000	
302581.794652040815000	4123936.197996229399000	
302582.025800759904100	4123936.680418104399000	
302582.319654520135400	4123937.265531632118000	
302582.618186051258800	4123937.828504651785000	
302582.899044092570000	4123938.388425917365000	
302583.199495371547500	4123938.930952164810000	
302583.477069909917200	4123939.462766738143000	
302583.759059961768800	4123939.997724621557000	
302584.031140382867300	4123940.509626479819000	
302584.314934785943500	4123941.033796399832000	
302584.580016190768200	4123941.534345718566000	
302584.816335732175500	4123941.976392839570000	
302585.100956018664870	4123942.510465713684000	
302585.354085023864170	4123942.984800428618000	
302585.613520677783530	4123943.471052256878000	
302585.853362139314410	4123943.923246471677000	
302586.102547700982540	4123944.393308728933000	
302586.322057778132150	4123944.864683242980000	
302586.544483239063990	4123945.326917738654000	
302586.777404840569940	4123945.830732437782000	
302587.084341581095940	4123946.521909803152000	
302587.367643888865130	4123947.189054579940000	
302587.657533700810750	4123947.825681776274000	
302587.949981745099650	4123948.473753066733000	
302588.244924124446700	4123949.130857559387000	
302588.539825494226530	4123949.790311906021000	
302588.865971619612540	4123950.515165421180000	
302589.157732540857980	4123951.161665053573000	
302589.437217767466790	4123951.784696668852000	
302589.694014126376710	4123952.403898329008000	
302589.968149239313790	4123953.025343031622000	
302590.218557888641950	4123953.676191417966000	
302590.456129605765450	4123954.278974622954000	
302590.686453397385780	4123954.856153580826000	
302590.895152147044430	4123955.436689466238000	
302591.109427506511570	4123956.025465102866000	
302591.300246292899830	4123956.643674939871000	
302591.512222344405020	4123957.201994033996000	
302591.717943246592770	4123957.774107071105000	
302591.902577455388380	4123958.389066787902000	
302592.053394133108670	4123958.908094497863000	
302592.231599624617960	4123959.437696544919000	
302592.390160138660580	4123960.027586072218000	
302592.554100569104780	4123960.564954851288000	
302592.688125903718170	4123961.088956923224000	
302592.840792949544270	4123961.615217300598000	
302592.973782594257500	4123962.175306408666000	
302593.119364316225980	4123962.678327649366000	
302593.254570062796120	4123963.169889538549000	
302593.394311125040990	4123963.686185924336000	
302593.517070228233930	4123964.185712906066000	
302593.625159319024530	4123964.682005021721000	
302593.755214031087230	4123965.209974378347000	
302593.932440336793660	4123965.924741836730000	
302594.054599518189207	4123966.414884655736000	
302594.228734250587877	4123967.130186170805000	
302594.385497685405426	4123967.835432141554000	
302594.544724637642503	4123968.518507096451000	
302594.702804323169403	4123969.186369033530000	
302594.857730802206788	4123969.852933973540000	
302595.011735763226170	4123970.513898940757000	
302595.157786872179713	4123971.161985488608000	
302595.295488800387830	4123971.837003799621000	
302595.402483459329233	4123972.424253553618000	
302595.499901886214502	4123973.038969132584000	
302595.596775705460459	4123973.648008435965000	
302595.695122178527527	4123974.256345837843000	
302595.768029864411801	4123974.870618911926000	
302595.838023121119477	4123975.445402235258000	
302595.905541714397259	4123975.996610733215000	
302595.986533099901862	4123976.574674695730000	
302596.048254545661620	4123977.139677139465000	
302596.123830492491830	4123977.709730241913000	
302596.192024405696430	4123978.250211806037000	
302596.249267514329400	4123978.817960828077000	
302596.315707738860510	4123979.330396741629000	
302596.365145381016190	4123979.868848894257000	
302596.423063929076310	4123980.384992689360000	
302596.471053774934260	4123980.935163585003000	
302596.503114277962600	4123981.434385389555000	
302596.560258919955230	4123982.093916030601000	
302596.595362122403460	4123982.742887587752000	
302596.634155923384240	4123983.399122328497000	
302596.659944590064700	4123984.048215955030000	
302596.689545804867520	4123984.652433488984000	
302596.712258871528320	4123985.287427990232000	
302596.725112851709130	4123985.897916886490000	
302596.730346018739510	4123986.491880510934000	
302596.752139385556800	4123987.078352067154000	
302596.773385223117660	4123987.767866226379000	
302596.794180687051270	4123988.472318740562000	
302596.813621100038290	4123989.148771376349000	
302596.828687960049140	4123989.649305433501000	
302596.849166447937020	4123990.299833388999000	
302596.872042114846410	4123991.001051039901000	
302596.892868811148220	4123991.694273083005000	
302596.915195878013040	4123992.448698136955000	
302596.939384753233750	4123993.236326311715000	
302596.967174703313500	4123994.106260391418000	
302596.992300924146550	4123994.931577772368000	
302597.013607318513100	4123995.657468889840000	
302597.043918902170840	4123996.706876845565000	
302597.072384651168250	4123997.696088879835000	
302597.099654490710240	4123998.609953019302000	
302597.124640043301040	4123999.478254409973000	
302597.150316532235590	4124000.376386735588000	
302597.176596695440820	4124001.268964856863000	
302597.172186907439030	4124002.191938492935000	
302597.190870817867110	4124003.068006606307000	
302597.207274015294390	4124003.935117811896000	
302597.218504961114380	4124004.745542615186000	
302597.233316237165130	4124005.550535292830000	
302597.249599750794000	4124006.416044326499000	
302597.262759978766550	4124007.225004289299000	
302597.287173803255430	4124007.974729629699000	
302597.308882529789120	4124008.750227066688000	
302597.328478868585080	4124009.585126966238000	
302597.353605802636590	4124010.321836562362000	
302597.380906637059520	4124011.083997814450000	
302597.418406541342850	4124011.816236585844000	
302597.474224144534670	4124012.572782609146000	
302597.501175696845170	4124013.346418469213000	
302597.534346873522740	4124014.034177870024000	
302597.573316630092450	4124014.820371718612000	
302597.635531719541180	4124015.541776749305000	
302597.672498519648800	4124016.216550914571000	
302597.713768537505530	4124016.967039200943000	
302597.752298170933500	4124017.614050001837000	
302597.788437899202110	4124018.189725967124000	
302597.834252650151030	4124018.794485181570000	
302597.873632961709520	4124019.373029797338000	
302597.932774836604950	4124019.959608167876000	
302597.986210163217040	4124020.502805797383000	
302598.056322153017390	4124021.077467056457000	
302598.111291224660820	4124021.646253676154000	
302598.176621730322950	4124022.204847426619000	
302598.242101962678130	4124022.750265210867000	
302598.313394838827660	4124023.323392961640000	
302598.373635822732470	4124023.880514236633000	
302598.434892710414720	4124024.406568620820000	
302598.506104524014520	4124024.948171706870000	
302598.564933354500680	4124025.470365615096000	
302598.653767162992150	4124026.213972180616000	
302598.719197090948000	4124026.763853164855000	
302598.797935301554390	4124027.421941849403000	
302598.885874325293120	4124028.164419265464000	
302598.965576943010090	4124028.838964552153000	
302599.048465306987050	4124029.539091201965000	
302599.129662092542280	4124030.225118727423000	
302599.216492707375440	4124030.957349869423000	
302599.289658123976550	4124031.574766247999000	
302599.368915613857100	4124032.239469619468000	
302599.447787340148350	4124032.893850417342000	
302599.528184946044350	4124033.558248609770000	
302599.600169236771760	4124034.164442151319000	
302599.671822126372720	4124034.815748305526000	
302599.734566742437890	4124035.441152665298000	
302599.808240946149450	4124036.035734266508000	
302599.870760495949070	4124036.640432446264000	
302599.920482214074580	4124037.239347551018000	
302599.985590512980710	4124037.822668164037000	
302600.041775282006710	4124038.442419146653000	
302600.096822316525500	4124038.976492015179000	
302600.157158428861290	4124039.578092664946000	
302600.188715989585030	4124040.110853285994000	
302600.228375489823520	4124040.674909681082000	
302600.284222658665390	4124041.251279920340000	
302600.326746042410380	4124041.794256301131000	
302600.371816691011190	4124042.330213637557000	
302600.416393334162420	4124042.847082231194000	
302600.463007029145960	4124043.400938124862000	
302600.499885615077800	4124043.921537490096000	
302600.530757958535100	4124044.665403456427000	
302600.541006143204870	4124045.186086745467000	
302600.506373459473250	4124045.940641490276900	
302600.486958081251940	4124046.662611097563100	
302600.458537632366640	4124047.396574108861400	
302600.446945245377720	4124048.088682267349200	
302600.450035150512120	4124048.776464554481200	
302600.446570927859280	4124049.429082963615700	
302600.456664617871870	4124050.073347182944400	
302600.452607685758270	4124050.736730666831100	
302600.453594262478870	4124051.371717545669500	
302600.453226145356890	4124051.971563430037300	
302600.453332479228270	4124052.563207717146700	
302600.456175859435460	4124053.287733168341200	
302600.458539541228670	4124054.044370742980400	
302600.458594376686960	4124054.755094621330500	
302600.458768423297440	4124055.356474010739500	
302600.458927687141110	4124056.013570876792100	
302600.477448995690790	4124056.652776811271900	
302600.552059229463340	4124057.248807995580100	
302600.673422868072520	4124057.778211685363200	
302600.870834406407080	4124058.318746655713800	
302601.051988656283360	4124058.801550000906000	
302601.232224041712470	4124059.384924026671800	
302601.447473581123630	4124060.159933183807900	
302601.664293820271270	4124060.945318312384200	
302601.876145417918450	4124061.690908524207800	
302602.098915154463610	4124062.478391738142800	
302602.315501745091750	4124063.242918106727300	
302602.523705059778880	4124063.987577528692800	
302602.686504896730180	4124064.729246234055600	
302602.875599438790230	4124065.450559706892800	
302603.074167305720040	4124066.186887831427200	
302603.247166688030120	4124066.932561963331000	
302603.371715599554590	4124067.666105358861400	
302603.544797952752560	4124068.396360489074100	
302603.698274667083750	4124069.073484511580300	
302603.827766473870720	4124069.752073378302200	
302603.895181711879560	4124070.468999953940500	
302603.878382737748320	4124071.121412368025600	
302603.841724449652250	4124071.763029189314700	
302603.853584344731640	4124072.424337478354600	
302603.879745537531560	4124073.019163223914800	
302603.894061143044380	4124073.636312576476500	
302603.911087090265940	4124074.272787183523200	
302603.899141365545800	4124074.892652604728900	
302603.910235460789410	4124075.484556287992700	
302603.921459252014760	4124076.221426104661100	
302603.928109224885700	4124077.023550124373300	
302603.935114914318550	4124077.847250075545200	
302603.945349748653830	4124078.784605116583400	
302603.954096848086920	4124079.741041275672600	
302603.956892069196330	4124080.244093033950800	
302603.960310036782180	4124080.772344682365700	
302603.971087511396040	4124081.745790570043000	
302603.981837327126410	4124082.658159344457100	
302603.991540963528680	4124083.420866102445900	
302604.070885714027100	4124084.001443954184700	
302604.148386055720040	4124084.676168532576400	
302604.224060114356690	4124085.347642992157500	
302604.372908648103480	4124085.987684339750600	
302604.585357720614410	4124086.590635389555200	
302604.803962762234730	4124087.267255874816300	
302605.032682474353400	4124088.120111556723700	
302605.276584680192200	4124089.053907483816100	
302605.521633203839900	4124089.957597823813600	
302605.762726839690000	4124090.842626661993600	
302605.985531861777400	4124091.659120651893300	
302606.215524728526400	4124092.524862382095300	
302606.389082008798100	4124093.379797071684200	
302606.613168770854800	4124094.293161480687600	
302606.756595665938200	4124095.093969437759400	
302606.915629442548400	4124095.921056836377800	
302606.984644943964700	4124096.709917161148000	
302606.963581140211300	4124097.550973980687600	
302606.982976015657200	4124098.313863844610800	
302607.040874537138700	4124099.055662244092700	
302607.100673730892600	4124099.770818798337100	
302607.173468645196400	4124100.567567911464700	
302607.187287386157500	4124101.263681503944100	
302607.178190286387700	4124101.967268081847600	
302607.220034654601500	4124102.676260084845100	
302607.247338350047400	4124103.370084854774200	
302607.267722185875800	4124103.903017133474300	
302607.288095528027000	4124104.426275344565500	
302607.313324983581000	4124105.122774212155500	
302607.308441217348400	4124105.852106184698600	
302607.295139368681700	4124106.549238295760000	
302607.283904131152700	4124107.222726909909400	
302607.283369118697000	4124107.887937638443000	
302607.281086023140200	4124108.559145068749800	
302607.277652795310100	4124109.211156937293700	
302607.274678285932200	4124109.840906233526800	
302607.293912942172000	4124110.448816390242400	
302607.290331894531800	4124111.062463853508200	
302607.331621225748700	4124111.664423079695600	
302607.344965036085300	4124112.230741591192800	
302607.399103219446300	4124112.817075817845800	
302607.478348786826200	4124113.330598920583700	
302607.633194024965600	4124113.983991713263100	
302607.717676217900600	4124114.612861725501700	
302607.826178605551800	4124115.227659317664800	
302607.996493393438900	4124115.746973127592400	
302608.275661523279300	4124116.229957670439000	
302608.517499979701800	4124116.710720152128500	
302608.810075815243200	4124117.162820907775300	
302609.181741770356900	4124117.538591474294700	
302609.622605379670900	4124117.876442046370400	
302610.132464462658400	4124118.188718885183300	
302610.653964097378800	4124118.410371870733800	
302611.130241449514900	4124118.661060425452900	
302611.572511727106800	4124118.895856947172400	
302612.036027962807600	4124119.092313856817800	
302612.556922966963600	4124119.249912352301200	
302613.058879907126500	4124119.360090345609900	
302613.628734643745700	4124119.489225475117600	
302614.105688150157200	4124119.642021269071800	
302614.648914391698800	4124119.794521423988000	
302615.178030069451800	4124119.933351607527600	
302615.737505014461900	4124119.998449414037200	
302616.251983697002300	4124120.035760970786200	
302616.761781746754400	4124120.124347778037200	
302617.432937676436300	4124120.187872024718700	
302618.067941720713900	4124120.139822098426500	
302618.627817208180200	4124120.049631208181400	
302619.188072259305000	4124120.020641418173900	
302619.750793511048000	4124120.010887235403100	
302620.293903406534800	4124119.998830886092000	
302620.857553537702200	4124119.993715376127500	
302621.405067499144900	4124120.010248276405000	
302621.943279321887500	4124120.018341158051000	
302622.487161690252800	4124120.015295120887500	
302623.125207955250500	4124120.017109006643300	
302623.919252450112300	4124120.019859404303100	
302624.658309992053500	4124120.021436779759800	
302625.300748879788400	4124120.023012252990200	
302625.911287361756000	4124120.038955778349200	
302626.596639687952100	4124120.048524946905700	
302627.248058374098000	4124120.073026746977100	
302627.888111169158900	4124120.095069976057900	
302628.512126978021100	4124120.103477568365600	
302629.146335656289000	4124120.119730087928500	
302629.787963922251900	4124120.133613677695400	
302630.348503167275300	4124120.146009535994400	
302630.942550714826200	4124120.159996119793500	
302631.546657616854600	4124120.174072356894600	
302632.116771753353500	4124120.186517807655000	
302632.664817865996200	4124120.179367157630600	
302633.260498102172300	4124120.191494078375400	
302633.801494654093400	4124120.200744716450600	
302634.330940300482300	4124120.194345564115800	
302634.873233849299100	4124120.142797563225000	
302635.640266473405100	4124120.124237152747800	
302636.159462030977000	4124120.095304581336700	
302636.659458215464800	4124120.059448332525800	
302637.338707024464400	4124119.949270341079700	
302637.951866205665300	4124119.748519985470900	
302638.546833092405000	4124119.549902050290300	
302639.018974359263700	4124119.299839111976300	
302639.472946222580500	4124118.926847547758400	
302639.952320154057800	4124118.559616176877200	
302640.445591028372300	4124118.255376903340200	
302640.826309258351100	4124117.910045715048900	
302641.140522057423400	4124117.480293368455000	
302641.405647332780100	4124116.977720349561400	
302641.593509728030800	4124116.496246428694600	
302641.739017541636700	4124115.971038905438000	
302641.797340447665200	4124115.474229906220000	
302641.804393822210800	4124114.906540009658800	
302641.828167016152300	4124114.386646362952900	
302641.947368675784700	4124113.702749342657600	
302642.027965601184400	4124113.123464674688900	
302642.090976771025500	4124112.578363508451700	
302642.079765374073800	4124112.039548966102300	
302641.995674187841400	4124111.544500443153100	
302641.922851616574900	4124110.932085126638400	
302641.937274988333200	4124110.316717239562400	
302641.931469018745700	4124109.716543290298400	
302641.942592674982700	4124109.115518661681600	
302641.937397058354700	4124108.550405589863700	
302641.938201959535900	4124108.025030226446700	
302641.937469536438600	4124107.461210341658400	
302641.936134392395600	4124106.921144576743200	
302641.936454826733100	4124106.124490827322000	
302641.940578516456300	4124105.364748092368200	
302641.973415428830800	4124104.596445174887800	
302641.974689538590600	4124103.886701678857200	
302641.984314020257400	4124103.190771193243600	
302641.997654016711700	4124102.345380871091000	
302642.004608208721000	4124101.760393232572800	
302642.016883903823300	4124100.754594891797800	
302642.030204828246500	4124099.758508770726600	
302642.042263086128500	4124098.829729172866800	
302642.055133874178900	4124097.878744214307500	
302642.062198692816300	4124097.345769973471800	
302642.073955591884400	4124096.413038343656800	
302642.080215509864500	4124095.898874372243900	
302642.091140802600400	4124095.049566359259200	
302642.102760370471500	4124094.168832872528600	
302642.110672051203400	4124093.593576520215700	
302642.118476922158200	4124093.031324476935000	
302642.132263239473100	4124091.956773847341500	
302642.138763482216700	4124091.444631665479400	
302642.145782524719800	4124090.939134689047900	
302642.153270777431300	4124090.420946208294500	
302642.160114343569100	4124089.900529954582500	
302642.171463067643300	4124088.945268721785400	
302642.178493553947200	4124088.425088971853300	
302642.186275538057100	4124087.884229748044200	
302642.192909295263200	4124087.375936595723000	
302642.203682000399600	4124086.474420638289300	
302642.211383873480400	4124085.874059766996700	
302642.219272668124200	4124085.304441543761600	
302642.234256800147700	4124084.192861648742100	
302642.240539606078500	4124083.618597121443600	
302642.252586419053800	4124082.589380352757900	
302642.246749933343400	4124082.049955459311600	
302642.241714533243800	4124081.503748030401800	
302642.244339044904300	4124080.887777422089100	
302642.250679071759800	4124079.903799147345100	
302642.252334649965600	4124079.345304578077000	
302642.253372247854700	4124078.828779311385000	
302642.255901392200000	4124077.775373549666300	
302642.259098107169800	4124076.771284194663200	
302642.262554223241800	4124075.747884844429800	
302642.265716608613700	4124074.811033340636600	
302642.269302422762800	4124073.844465347938200	
302642.270988519012500	4124073.328809825703500	
302642.273792321560900	4124072.441694351378800	
302642.277816826419400	4124071.404333204031000	
302642.280670220963700	4124070.551664441358300	
302642.282764490344600	4124069.647352308966200	
302642.284397179377300	4124068.731939406599800	
302642.286373193841400	4124067.878851026762300	
302642.287952478043700	4124067.372747513931200	
302642.289356286753900	4124066.855291456915400	
302642.290981346508500	4124066.320966809056700	
302642.293148095544900	4124065.758092971984300	
302642.296890313155000	4124064.793584911618400	
302642.298267418809700	4124064.291418165434200	
302642.301899011596100	4124063.320905779022700	
302642.306949670077300	4124062.360296342056200	
302642.308578545460500	4124061.852010819129600	
302642.311042840825400	4124060.933225719723900	
302642.314598138560500	4124059.977071853820200	
302642.316692406311600	4124059.381986708845900	
302642.318443352880400	4124058.837057208642400	
302642.320114191155900	4124058.279401866719100	
302642.321697290404700	4124057.742483229376400	
302642.325103815645000	4124056.719862077850800	
302642.326812799670700	4124056.199911205098000	
302642.328434044611600	4124055.672330945730200	
302642.330043847905500	4124055.134779068641400	
302642.332634027116000	4124054.184858414810200	
302642.334560448420200	4124053.230993361212300	
302642.335407312610200	4124052.718237014487400	
302642.359146173577800	4124051.730398267973200	
302642.364704188075800	4124050.771902173291900	
302642.374809321016100	4124049.798086258117100	
302642.385669762734300	4124048.916875930503000	
302642.398120934609300	4124047.961370558012300	
302642.410209711291800	4124046.986967176664600	
302642.416252191877000	4124046.438398449216000	
302642.423980768653600	4124045.835973830428000	
302642.431465203175300	4124045.315328690223400	
302642.438518579350800	4124044.778448196594000	
302642.444477136363300	4124044.263738723006000	
302642.449977929354600	4124043.763654801995000	
302642.456058558076600	4124043.215383622330000	
302642.461917932843800	4124042.689893811941000	
302642.468021447537500	4124042.147909255233000	
302642.474559839465700	4124041.579145522788000	
302642.479576164914800	4124040.644735427108000	
302642.466400200966700	4124040.114332290366000	
302642.464035088545600	4124039.603620617185000	
302642.468685205327300	4124038.629415601958000	
302642.468566950119600	4124038.110929580871000	
302642.467491205083200	4124037.590864270926000	
302642.466491754865300	4124036.699461072218000	
302642.465969140757800	4124036.165510267951000	
302642.465248163032800	4124035.285451980308000	
302642.464763695141300	4124034.292936415877000	
302642.463996942620700	4124033.453306289855000	
302642.463787134038300	4124032.451765152626000	
302642.463607843266800	4124031.626836870331000	
302642.462314660195300	4124030.788145156112000	
302642.461650903162100	4124029.922269911040000	
302642.463016564725000	4124029.049421401229000	
302642.461971338023400	4124028.201276870444000	
302642.461704308225300	4124027.463682264090000	
302642.460002954583600	4124026.893850416876000	
302642.461349541437800	4124026.315488905646000	
302642.495548302540600	4124025.748754588887000	
302642.500019129074600	4124024.950864882208000	
302642.514373834943400	4124024.272459120490000	
302642.523555810796100	4124023.632139295805000	
302642.535858208080800	4124022.874487014953000	
302642.548378046369200	4124022.096014114562000	
302642.561668451526200	4124021.263845536392000	
302642.575809534522700	4124020.441740127280000	
302642.589416558737900	4124019.669988724403000	
302642.602756556239900	4124018.878873917740000	
302642.615562493680000	4124018.129148573615000	
302642.627769524580800	4124017.401525589172000	
302642.641204888874200	4124016.643674938474000	
302642.654857690737100	4124015.910047622863000	
302642.661159571027400	4124015.182401748374000	
302642.656665856600700	4124014.490842909552000	
302642.667919214640300	4124013.751554579474000	
302642.651054438261800	4124013.103681656532000	
302642.637165124062400	4124012.368864149321000	
302642.638462122296900	4124011.739255995955000	
302642.630920464871500	4124011.034650892951000	
302642.625663813203600	4124010.282682507299000	
302642.622619683505000	4124009.774992077611000	
302642.617755944316700	4124009.001554579008000	
302642.612724359962200	4124008.156538098119000	
302642.599304253351900	4124007.374250503723000	
302642.562171991448800	4124006.507474990096000	
302642.553360041114500	4124005.726682753768000	
302642.534606988774600	4124004.896482558921000	
302642.517284448142200	4124004.154829116073000	
302642.500194603868300	4124003.357999892440000	
302642.483005577989400	4124002.557096575387000	
302642.493427332025000	4124001.845121473074000	
302642.486167962895700	4124001.103635877371000	
302642.531551414984300	4124000.372053239495000	
302642.543338830641000	4123999.609006973449000	
302642.586994225741400	4123998.917219254188000	
302642.606769615551500	4123998.239683241118000	
302642.628959711641100	4123997.497739880811000	
302642.652927454444600	4123996.826673598494000	
302642.693538720021000	4123996.161085219122000	
302642.747093254816700	4123995.480741591658000	
302642.774986322736400	4123994.779966447968000	
302642.815029198245600	4123994.074888318311000	
302642.848285730346100	4123993.472761246376000	
302642.876300866075300	4123992.800230117049000	
302642.864498193492200	4123992.176282974426000	
302642.889968926552700	4123991.546659559011000	
302642.913177545648100	4123990.869474500418000	
302642.896549278695600	4123990.285459610634000	
302642.879802757874100	4123989.668653578497000	
302642.893207605229700	4123989.053098770790000	
302642.891792353009800	4123988.435270399787000	
302642.891239221324200	4123987.862638562918000	
302642.860355432494500	4123987.252058121376000	
302642.845352228148800	4123986.665128797758000	
302642.840431268559800	4123986.080915542319000	
302642.828125054831600	4123985.540510269813000	
302642.808147486241100	4123984.953031630255000	
302642.776691491424600	4123984.423566908576000	
302642.766075189923900	4123983.867139907088000	
302642.747066552343300	4123983.303785413504000	
302642.729351097834300	4123982.767942518927000	
302642.695957238087400	4123982.251600356307000	
302642.674022728693700	4123981.720808116719000	
302642.657074030023100	4123981.217039197683000	
302642.634800011990600	4123980.700819107704000	
302642.614124351996000	4123980.196577164344000	
302642.588966423529200	4123979.682615371421000	
302642.554550226253900	4123978.969709489029000	
302642.523948724905500	4123978.232984631322000	
302642.487873131991400	4123977.693723769393000	
302642.332168633351100	4123977.180631729309000	
302642.097755488066500	4123976.590986343566000	
302641.943626458582000	4123976.110471815802000	
302641.824188286962500	4123975.624662491027000	
302641.687374169123400	4123975.120435807854000	
302641.506168420310100	4123974.495252699126000	
302641.316787774732800	4123973.869428724051000	
302641.105289513827300	4123973.250303355511000	
302640.830066735041300	4123972.700285046827000	
302640.607727104914400	4123972.148237322457000	
302640.374572809028900	4123971.601667493116000	
302640.122692163917200	4123971.067594618537000	
302639.885719353915200	4123970.524961563759000	
302639.635570582235200	4123970.010114760604000	
302639.383464869111800	4123969.506361096166000	
302639.121185357566000	4123968.981626601424000	
302638.844768579234400	4123968.490614026785000	
302638.567096764221800	4123967.927854629233000	
302638.210224205744500	4123967.229246231727000	
302637.874603326199600	4123966.564130874351000	
302637.573986108880500	4123965.970487686340000	
302637.246765190560800	4123965.346677870024000	
302636.930568750598500	4123964.725233169738000	
302636.642849022464400	4123964.159711928573000	
302636.340213830350000	4123963.568769546226000	
302635.992130333790600	4123962.890989397652000	
302635.576820427493700	4123962.076566786040000	
302635.236438805412000	4123961.409467785154000	
302634.882171685108900	4123960.716825577430000	
302634.497905785101500	4123959.964017959312000	
302634.158878380782000	4123959.302396865562000	
302633.789844567072600	4123958.583143327851000	
302633.459758813609400	4123957.936338512693000	
302633.097263391478900	4123957.225736708380000	
302632.754699762037500	4123956.555311294738000	
302632.417533928761300	4123955.895185560454000	
302632.099422508850700	4123955.271940322593000	
302631.746208245283900	4123954.579710100312000	
302631.419925743888600	4123953.939359753393000	
302631.110179956012900	4123953.332731337752000	
302630.876251275476500	4123952.878141495399000	
302630.566642816993400	4123952.276975722052000	
302630.344474847777700	4123951.821577162016000	
302630.018325861543400	4123951.172147841658000	
302629.708759363391400	4123950.512769790366000	
302629.477291161078000	4123949.900648207404000	
302629.303817803273000	4123949.252760022879000	
302629.060665185272200	4123948.632124037948000	
302628.777854974614500	4123948.055540172383000	
302628.550617272208900	4123947.471586317755000	
302628.358726557053200	4123946.886884781998000	
302628.179405266302600	4123946.321577162948000	
302627.997066552285100	4123945.736951922067000	
302627.815914209699300	4123945.198591320310000	
302627.642505700176100	4123944.616438005585000	
302627.485260065761400	4123944.083997816779000	
302627.317787225300000	4123943.563505263533000	
302627.151908929226900	4123943.029996960424000	
302626.986251886119100	4123942.502424333245000	
302626.822490747727000	4123941.981321427040000	
302626.653955513844300	4123941.445798963774000	
302626.502195412758700	4123940.962720959913000	
302626.330814415647200	4123940.415479749441000	
302626.161754663044100	4123939.872480482794000	
302625.929954583291000	4123939.131132215727000	
302625.703506525605900	4123938.409910292830000	
302625.473009165027200	4123937.674924944062000	
302625.247308786027100	4123936.952238172758000	
302625.025325831025800	4123936.244382946752000	
302624.788383538718300	4123935.593839738052000	
302624.485254341678200	4123934.942609876394000	
302624.233848626434300	4123934.302778331563000	
302624.004516656976200	4123933.675153821707000	
302623.748607689398300	4123933.025419325568000	
302623.494695719564300	4123932.396268935874000	
302623.234254891343900	4123931.803800670896000	
302622.984680229856200	4123931.165754408576000	
302622.765726145240500	4123930.626310438383000	
302622.513044412829900	4123930.008268446662000	
302622.282821711036400	4123929.444593520369000	
302622.025085503934000	4123928.867872329894000	
302621.799428995582300	4123928.312742321752000	
302621.554416712024200	4123927.725431532599000	
302621.316459710360500	4123927.227613538504000	
302621.062704140786100	4123926.675565812737000	
302620.848848398949500	4123926.169859024230000	
302620.621164377138500	4123925.667402357794000	
302620.374389704084000	4123925.150846573524000	
302620.155294472700900	4123924.652555556037000	
302619.934637124650200	4123924.165510266088000	
302619.689786965958800	4123923.636472790968000	
302619.462623651255900	4123923.178983778693000	
302619.241413172450800	4123922.708662123885000	
302618.996440943097700	4123922.214490982704000	
302618.770147378090800	4123921.729368299711000	
302618.426298195321600	4123921.070982069708000	
302618.197080668294800	4123920.621076673735000	
302617.827959114569200	4123919.953703017905000	
302617.507635171641600	4123919.319532483816000	
302617.268018776492700	4123918.862409681547000	
302616.917961174564000	4123918.226896374952000	
302616.589080865145700	4123917.598539441824000	
302616.257770593627400	4123917.016416640021000	
302615.920965248718900	4123916.413374034688000	
302615.591926629305800	4123915.817503067199000	
302615.250310952775200	4123915.200346083380000	
302614.931482370360800	4123914.621473400854000	
302614.621734674787100	4123914.061292740516000	
302614.307127054431500	4123913.480161755346000	
302614.074176842928900	4123912.910734267440000	
302613.930408531741700	4123912.338636486325000	
302613.904964503017300	4123911.727659318596000	
302613.952606255654200	4123911.174863905646000	
302613.962911661714300	4123910.535841077100000	
302613.895731026539600	4123910.036008926574000	
302613.745498712756700	4123909.282636733726000	
302613.649881417455600	4123908.658506482840000	
302613.562820489984000	4123907.946119401138000	
302613.478719766251700	4123907.355299083982000	
302613.384365137550000	4123906.686430067755000	
302613.302637154469300	4123906.095518206246000	
302613.221330697822900	4123905.510618299711000	
302613.136554772965600	4123904.899747938849000	
302613.036029870738300	4123904.294767468702000	
302612.952114160521900	4123903.693845839240000	
302612.856575066107300	4123903.141325088684000	
302612.730320032045700	4123902.553754897788000	
302612.650945718516600	4123902.022474381141000	
302612.544263895484600	4123901.456861583516000	
302612.419132287148400	4123900.923322765622000	
302612.321735436562400	4123900.387983413413000	
302612.194686944480100	4123899.895094007254000	
302612.091260964225500	4123899.369367692620000	
302611.988082939642500	4123898.860166642349000	
302611.883005197916600	4123898.370969863143000	
302611.742752130259800	4123897.867124645505000	
302611.576955849421200	4123897.180845350958000	
302611.409277018043200	4123896.465360732283000	
302611.246616417542100	4123895.778394789435000	
302611.083456094027500	4123895.085722059011000	
302610.932583864603700	4123894.447324844543000	
302610.783590371720500	4123893.818571180105000	
302610.630221422528800	4123893.172498793341000	
302610.512010629405300	4123892.670866103843000	
302610.358436639595300	4123892.020109266508000	
302610.203080232953700	4123891.362470717169000	
302610.065797861199800	4123890.780439464375000	
302609.910781914775700	4123890.123197647743000	
302609.769477899943000	4123889.526060197502000	
302609.629324015346400	4123888.933652970009000	
302609.484859522199300	4123888.335538954940000	
302609.326613481156500	4123887.784574599471000	
302609.194236810319100	4123887.225858777296000	
302609.041514451731900	4123886.651884172112000	
302608.889730509137700	4123886.118925185408000	
302608.750039156584500	4123885.568479627371000	
302608.573725755210000	4123885.043790904805000	
302608.413564737769800	4123884.519407362677000	
302608.256478363997300	4123884.043363661971000	
302608.093924577056900	4123883.491544817109000	
302607.861393030500000	4123882.811735244468000	
302607.676278168160900	4123882.289396374021000	
302607.408549363841300	4123881.609556289390000	
302607.111075456487000	4123880.975950332824000	
302606.796267565223400	4123880.320158092305000	
302606.488945063203600	4123879.716672987677000	
302606.204335267189900	4123879.114042373840000	
302605.900541359907900	4123878.511533826590000	
302605.577444131078700	4123877.931577770971000	
302605.299367005354700	4123877.374448867049000	
302605.020475443336200	4123876.841734021902000	
302604.717916542838790	4123876.313016982749000	
302604.425200516823680	4123875.760252089240000	
302604.154658373096030	4123875.258909316268000	
302603.877669389359650	4123874.770689098630000	
302603.616631562821570	4123874.284299941733000	
302603.345262581482530	4123873.787534801289000	
302603.093448692990930	4123873.323331925552000	
302602.825068529054990	4123872.860471817199000	
302602.579000051715410	4123872.412077039015000	
302602.252046639507170	4123871.848966690712000	
302602.003507192828690	4123871.405912492424000	
302601.713306959602050	4123870.940977187827000	
302601.466601903026460	4123870.498746961821000	
302601.186034735350400	4123870.012998674065000	
302600.835345322848300	4123869.408353891689000	
302600.502924974658530	4123868.834501356352000	
302600.125389629974960	4123868.180875872262000	
302599.750900800223460	4123867.531766985077000	
302599.316379601019430	4123866.780698866583000	
302599.060710007266610	4123866.338895887602000	
302598.625841673463580	4123865.586790177040000	
302598.176547105133070	4123864.810392471030000	
302597.891426857502670	4123864.316526503768000	
302597.630728539079430	4123863.864561170805000	
302597.308771904092280	4123863.306303116493000	
302596.969020659802480	4123862.717161270790000	
302596.672111805528400	4123862.202390762046000	
302596.392155821551570	4123861.717100237031000	
302596.091972645488570	4123861.196714491118000	
302595.748251553275622	4123860.601163954940000	
302595.194927211734466	4123859.640867323615000	
302594.904125417233445	4123859.136228651740000	
302594.619655693240929	4123858.644163223449000	
302594.334867890225723	4123858.137266252190000	
302594.094102198723704	4123857.670621962752000	
302593.824553305399600	4123857.166563123930000	
302593.539166147413200	4123856.657651992980000	
302593.249366576201280	4123856.143888563383000	
302592.760208660853100	4123855.262876599561000	
302592.508102948602750	4123854.806577771902000	
302592.218011196586300	4123854.284360976890000	
302591.945401724311520	4123853.794126599096000	
302591.453660782543010	4123852.907499403693000	
302591.198017652903220	4123852.446226212196000	
302590.709083612484390	4123851.567075818311000	
302589.999556595808830	4123850.290464492515000	
302589.722793634049590	4123849.798002336174000	
302589.262794073903930	4123848.980192273855000	
302588.997781809419390	4123848.504972549621000	
302588.754922922118570	4123848.067380992696000	
302588.509786184411500	4123847.628721329384000	
302588.031302030663940	4123846.777006240096000	
302587.583890969399360	4123845.974973769858000	
302587.155362661578690	4123845.203245254233000	
302586.734995897742920	4123844.364439101424000	
302586.285999351937790	4123843.525785535108000	
302585.857231196132490	4123842.727384655736000	
302585.458987290970980	4123841.976377576590000	
302585.023821886512450	4123841.160429089330000	
302584.612061554507800	4123840.391325088684000	
302584.217045839934100	4123839.652189344633000	
302583.826157624018400	4123838.918394181412000	
302583.414276177762100	4123838.149625869002000	
302583.054063852643600	4123837.474638076499000	
302582.595071847550600	4123836.613859270234000	
302582.350511605152900	4123836.155607309658000	
302582.110457475646400	4123835.705595107749000	
302581.655304009851500	4123834.852109998930000	
302581.191622788610400	4123833.983762830961000	
302580.740882928483200	4123833.169492812362000	
302580.490771349170200	4123832.729581922758000	
302580.018390711280500	4123831.856229874305000	
302579.560388619313000	4123831.083555312362000	
302579.105216080322900	4123830.277738661971000	
302578.686224038829100	4123829.528471083380000	
302578.240627342951500	4123828.745420546271000	
302577.766634042607600	4123827.911253068130000	
302577.337064797175100	4123827.158811661880000	
302576.904581123846600	4123826.395902724005000	
302576.497547204082400	4123825.678251354489000	
302576.069646890857300	4123824.933805556502000	
302575.674997383728600	4123824.239103409462000	
302575.289007242536200	4123823.556455703452000	
302574.870412882650300	4123822.820188615005000	
302574.466379220364600	4123822.106016249862000	
302574.105861718300700	4123821.462858291343000	
302573.715316827409000	4123820.774717421737000	
302573.356409127241900	4123820.140958876815000	
302572.982900675036900	4123819.471372695174000	
302572.652324730414000	4123818.881651015021000	
302572.298036630905700	4123818.257536023390000	
302571.974382456566700	4123817.646238419227000	
302571.631866509094800	4123817.033811661415000	
302571.302402550354600	4123816.439512345474000	
302570.900159890123200	4123815.712003800087000	
302570.498617227189200	4123814.987180799711000	
302570.106094415939900	4123814.278684706427000	
302569.667808588710600	4123813.490202038083000	
302569.413412149646300	4123813.031431287993000	
302569.149227196234300	4123812.554044814315000	
302568.661741311661900	4123811.674436662346000	
302568.173158699530200	4123810.797269911040000	
302567.726680809923000	4123809.996000378858000	
302567.482160622137600	4123809.556333631743000	
302567.032018715981400	4123808.746305556502000	
302566.559095437929500	4123807.898283094168000	
302566.142007881833700	4123807.151609512046000	
302565.666137749911300	4123806.304533095565000	
302565.222526604542500	4123805.513334360905000	
302564.762125070905300	4123804.689878554549000	
302564.340993935591500	4123803.942869278137000	
302563.903036171337600	4123803.156278698705000	
302563.504056985664600	4123802.441312877927000	
302563.049249703530200	4123801.627927871887000	
302562.670974785578400	4123800.943845840171000	
302562.258396203804300	4123800.199094862211000	
302561.821430260664800	4123799.416380020324000	
302561.431407982949200	4123798.714109514374000	
302561.039222772698800	4123798.007597060408000	
302560.662235313910100	4123797.330564588308000	
302560.255542809143700	4123796.601041886490000	
302559.869407708640200	4123795.906278700102000	
302559.477722221927300	4123795.200010388158000	
302559.233226832118800	4123794.760679332074000	
302558.960746819910100	4123794.271635147743000	
302558.699131066212400	4123793.802122207358000	
302558.257236535020600	4123793.010099502280000	
302557.787151392665700	4123792.168516247999000	
302557.344802912091800	4123791.374113174155000	
302556.891483362705900	4123790.560026258230000	
302556.427677208441300	4123789.726804823615000	
302556.077205713372700	4123789.098417372908000	
302555.760921533685200	4123788.531126114074000	
302555.434894616773800	4123787.940397355240000	
302555.114818628993800	4123787.364439102355000	
302554.815071162011000	4123786.828580947593000	
302554.530998285161300	4123786.318845838308000	
302554.251987512339800	4123785.817930311896000	
302553.972816522000400	4123785.314237684477000	
302553.695213372120600	4123784.817808243446000	
302553.415729578118800	4123784.315610977355000	
302553.144607598311300	4123783.828825090080000	
302552.858097132353600	4123783.346433731262000	
302552.568450981983900	4123782.857664195355000	
302552.245643670670700	4123782.430509655736000	
302551.956249292648900	4123781.957365126349000	
302551.676342066377400	4123781.521238419227000	
302551.393211419228500	4123781.075834363699000	
302551.089584405068300	4123780.665250866674000	
302550.648590143304300	4123780.194517225958000	
302550.268959100532800	4123779.702512830961000	
302549.896450096974100	4123779.228452769108000	
302549.483749444130800	4123778.810667131096000	
302548.988472039112800	4123778.471860973630000	
302548.548980768537100	4123778.136076062452000	
302548.147022301796800	4123777.780332657043000	
302547.741714531788600	4123777.454679579474000	
302547.285579735995300	4123777.099363414571000	
302546.867462213907900	4123776.824796767440000	
302546.403656061040200	4123776.597776502371000	
302545.895732934353900	4123776.308836075012000	
302545.375438745541000	4123776.023344128393000	
302544.892280633619500	4123775.864835829940000	
302544.376216943492200	4123775.790403455961000	
302543.848613795009400	4123775.604948136955000	
302543.225101526244500	4123775.379850480240000	
302542.628547723172200	4123775.178770157043000	
302542.035648400604300	4123774.981107799336000	
302541.467083032825000	4123774.861387342680000	
302540.927116448292500	4123774.800840465818000	
302540.332302149152400	4123774.785764786880000	
302539.785430963384000	4123774.783811661415000	
302539.189739281777300	4123774.813871473540000	
302538.623817499552400	4123774.825437639374000	
302538.094059044844500	4123774.900724503677000	
302537.487934167962500	4123774.996397106908000	
302536.898140007513600	4123775.071378797293000	
302536.402107294532500	4123775.206205460243000	
302535.860523278825000	4123775.463193983771000	
302535.422512108925700	4123775.716550918296000	
302534.955501610296800	4123775.924009412993000	
302534.392593438853500	4123776.175474258140000	
302533.943306024186300	4123776.399046034086000	
302533.411853844183500	4123776.653471085709000	
302532.883888298994900	4123776.943937393837000	
302532.352157647488600	4123777.219389050733000	
302531.836608940968300	4123777.518217174802000	
302531.395546014653500	4123777.839719863608000	
302530.902481134166000	4123778.085142225027000	
302530.364463861915300	4123778.364011854865000	
302529.750579889048800	4123778.696958630346000	
302529.138328606961300	4123779.029844374396000	
302528.539299066527700	4123779.355833144858000	
302527.917785698606200	4123779.694761369377000	
302527.258224542369100	4123780.053007216193000	
302526.458389338105900	4123780.487302869093000	
302525.753814752737500	4123780.870603649411000	
302525.040794428321500	4123781.257383436430000	
302524.322258050320700	4123781.649198624305000	
302523.656189019675400	4123782.025785533711000	
302522.945251518976900	4123782.420133681037000	
302522.303199822956200	4123782.772916883696000	
302521.632064874982500	4123783.144895645324000	
302520.962394768721400	4123783.515195939224000	
302520.325805719010500	4123783.867643445265000	
302519.649635369074500	4123784.241209120490000	
302519.074035698664400	4123784.559049695730000	
302518.415618950850300	4123784.923582165036000	
302517.856254632177300	4123785.233152479865000	
302517.258277947432400	4123785.564939588308000	
302516.638954217894900	4123785.910459606908000	
302516.088127190072600	4123786.215971079189000	
302515.502319390303500	4123786.539762586355000	
302514.986236626864400	4123786.824247453362000	
302514.520141657383600	4123787.085844128858000	
302514.053955133073000	4123787.346098034177000	
302513.600158745539400	4123787.580595108215000	
302513.061821039300400	4123787.844450087287000	
302512.560531671741000	4123788.057188120671000	
302512.067077691666800	4123788.298856826965000	
302511.530586297391000	4123788.558683483861000	
302511.005584770755400	4123788.730589006096000	
302510.466934259806300	4123788.920744033530000	
302509.873062189784800	4123789.078580948059000	
302509.388259943109000	4123789.231321423315000	
302508.825119072571400	4123789.333280654158000	
302508.262550408835500	4123789.360258194152000	
302507.733367975102700	4123789.417142958846000	
302507.236312921159000	4123789.515379044227000	
302506.730529839173000	4123789.594083876815000	
302506.100647028186400	4123789.682554333936000	
302505.495880181319100	4123789.698545548134000	
302504.991661125677600	4123789.620420547202000	
302504.458663994795600	4123789.501096814871000	
302503.852592523966500	4123789.411863415036000	
302503.311027582851200	4123789.371580215171000	
302502.777298028580800	4123789.303342911415000	
302502.260620171204200	4123789.175016495399000	
302501.675064141629300	4123788.925687878858000	
302501.164337212860100	4123788.668760388158000	
302500.703674372460200	4123788.463316055015000	
302500.196632440551200	4123788.283353896346000	
302499.569801386154700	4123788.060758682434000	
302499.050010735751100	4123787.866270159371000	
302498.579978998226600	4123787.691038223449000	
302498.121681268792600	4123787.479093640577000	
302497.512588555458900	4123787.107053844724000	
302497.036201531882400	4123786.679960340727000	
302496.698593194247200	4123786.255857554730000	
302496.352394158253400	4123785.886930556037000	
302496.013252314063700	4123785.500516983215000	
302495.660476739867600	4123784.989774795249000	
302495.334404047404000	4123784.506559462752000	
302495.090675409766800	4123784.043455210980000	
302494.862884577131000	4123783.587400526740000	
302494.518089348276000	4123783.050748913549000	
302494.184211786138000	4123782.512022108305000	
302493.859306390863000	4123781.980192273855000	
302493.546112115495000	4123781.425993056037000	
302493.236923273187000	4123780.891935438849000	
302492.918800408195000	4123780.327024552971000	
302492.618660028558000	4123779.814115614630000	
302492.329010065412000	4123779.292203993537000	
302492.054367120145000	4123778.760862439871000	
302491.784225519747000	4123778.232816789299000	
302491.528617913486000	4123777.725248426665000	
302491.253517205478000	4123777.231931778137000	
302490.974533137050000	4123776.716947644949000	
302490.709045466268000	4123776.229276749305000	
302490.374458367936000	4123775.606107801665000	
302489.896316583967000	4123774.719938368537000	
302489.566238457686000	4123774.109434216283000	
302489.308532770025000	4123773.632658096496000	
302489.026687675971000	4123773.110075088684000	
302488.758529719082000	4123772.613279432058000	
302488.456871086906000	4123772.091032117605000	
302488.112999017816000	4123771.526273816358000	
302487.572441155207000	4123770.571287247352000	
302487.298996026046000	4123770.081297012512000	
302487.017082269595000	4123769.582639782690000	
302486.737159783719000	4123769.092710588127000	
302486.448677117412000	4123768.589231582824000	
302485.929023798148000	4123767.675962537993000	
302485.635444695246000	4123767.157743542455000	
302485.369644219521000	4123766.689817520324000	
302485.113250788476000	4123766.241239640862000	
302484.839729362982000	4123765.763639542740000	
302484.588768060610000	4123765.323484509252000	
302484.071937616856000	4123764.412870496046000	
302483.821144159010000	4123763.972532365005000	
302483.565315302636000	4123763.526609512977000	
302483.296592768107000	4123763.058134165127000	
302482.812019404024000	4123762.206327526830000	
302482.309158380842000	4123761.323484510183000	
302481.841865595081000	4123760.508604138624000	
302481.564041191828000	4123760.021665663458000	
302481.222641046043000	4123759.422453017440000	
302480.949455316644000	4123758.942503064405000	
302480.642471368541000	4123758.405057994183000	
302480.318885858520000	4123757.839872451033000	
302479.953682000749000	4123757.200010391884000	
302479.596908625215000	4123756.573331924155000	
302479.266197260004000	4123755.993620009627000	
302478.853050287347000	4123755.268461319152000	
302478.537010248809000	4123754.712034318596000	
302478.199897821527000	4123754.115202038083000	
302477.831115777080000	4123753.417020888533000	
302477.523155267583000	4123752.836698621046000	
302477.181411797181000	4123752.210813612677000	
302476.839904841036000	4123751.594602677040000	
302476.486106927623000	4123750.956449596211000	
302476.154220635653000	4123750.354063124396000	
302475.795517023769000	4123749.699674698059000	
302475.471466120100000	4123749.109068006743000	
302475.194824273582000	4123748.606535046361000	
302474.831375178241000	4123747.947538468987000	
302474.556518610450000	4123747.447935194708000	
302474.244934137911000	4123746.880674452521000	
302473.906753595802000	4123746.265165419318000	
302473.576530511840000	4123745.665128798224000	
302473.206024226034000	4123744.989774795715000	
302472.879882866575000	4123744.394834608305000	
302472.506553705316000	4123743.715635389090000	
302472.192215021409000	4123743.145353406202000	
302471.796051081386000	4123742.425230116583000	
302471.408248955384000	4123741.720213027671000	
302470.981552179437000	4123740.946195692290000	
302470.599647577503000	4123740.253873914480000	
302470.217392021965000	4123739.560911269858000	
302469.824836784857000	4123738.849271866027000	
302469.430992182228000	4123738.135221570730000	
302469.065712030511000	4123737.472593395971000	
302468.680213983345000	4123736.772337052971000	
302468.313583429786000	4123736.106107802596000	
302467.944480950478000	4123735.436735246330000	
302467.518409783719000	4123734.666196912061000	
302467.197746331571000	4123734.084470839705000	
302466.842422541231000	4123733.439298720099000	
302466.436660822073000	4123732.704496471677000	
302466.080383356428000	4123732.061582655646000	
302465.694931085105000	4123731.362974257208000	
302465.341537530941000	4123730.721494763624000	
302464.915008600918000	4123729.949094863143000	
302464.493484552775000	4123729.187467664015000	
302464.049102839199000	4123728.383024306502000	
302463.661575371749000	4123727.681821913924000	
302463.250732477638000	4123726.938993546646000	
302462.822967583372000	4123726.165952774696000	
302462.350296075805000	4123725.311582654715000	
302461.929931694991000	4123724.551664442755000	
302461.559753472451000	4123723.881803601049000	
302461.109710748307000	4123723.067442035768000	
302460.640747125493000	4123722.219602671918000	
302460.231979425414000	4123721.479368297383000	
302459.841964776861000	4123720.772092910483000	
302459.417465264851000	4123720.003934951033000	
302458.998428398976000	4123719.245176404249000	
302458.570282037894000	4123718.464017959777000	
302458.204727228440000	4123717.799314588308000	
302457.710968073574000	4123716.906278699636000	
302457.264144952060000	4123716.095151990186000	
302456.863464409369000	4123715.367185680196000	
302456.410705620772000	4123714.547636123840000	
302455.903183038754000	4123713.630857557058000	
302455.428329522838000	4123712.773069470190000	
302455.022003229766000	4123712.039030163083000	
302454.562927302090000	4123711.208799450658000	
302454.108306938957000	4123710.385038465261000	
302453.643493707990000	4123709.542814346030000	
302453.212982231926000	4123708.764371963218000	
302452.804641778523000	4123708.026548475958000	
302452.336853082408000	4123707.186002822593000	
302451.846771295939000	4123706.361112685408000	
302451.445968683693000	4123705.689939589240000	
302450.996490534046000	4123704.924375624396000	
302450.489166315645000	4123704.091734023765000	
302449.993606621749000	4123703.268858047668000	
302449.621124321769000	4123702.642606824171000	
302449.177246148698000	4123701.895139785483000	
302448.724151667324000	4123701.134214492515000	
302448.211654717801000	4123700.318967911880000	
302447.751983698457000	4123699.592435927596000	
302447.321121270710000	4123698.898008438759000	
302446.867050226370000	4123698.203092663549000	
302446.401138361602000	4123697.562833876349000	
302445.777511651278000	4123696.825224012602000	
302445.230316216766000	4123696.262693497818000	
302444.634384210221000	4123695.667295547202000	
302444.105148371542000	4123695.110014053062000	
302443.599853570107000	4123694.544797987677000	
302443.045288141118000	4123693.892454233021000	
302442.568420464057000	4123693.281553360168000	
302442.151840265258000	4123692.688474747818000	
302441.673324639094000	4123692.000089734793000	
302441.195144708734000	4123691.361051651184000	
302440.702987725381000	4123690.727537248749000	
302440.316085870960000	4123690.227933976334000	
302440.000122124446000	4123689.816892716568000	
302439.639267022721000	4123689.348997205961000	
