249959.830861876	3688378.27599521	
249960.177569223	3688378.71101665	
249960.467825134	3688379.12529451	
249960.815389446	3688379.59359024	
249961.078562301	3688380.04186203	
249961.322822777	3688380.47952214	
249961.607478998	3688381.03822845	
249961.843283106	3688381.50940273	
249962.062174548	3688382.04760532	
249962.270038595	3688382.51949924	
249962.533782659	3688382.98995391	
249962.760559017	3688383.47245951	
249962.923570346	3688384.01210136	
249963.094180968	3688384.4849548	
249963.275247597	3688385.00193406	
249963.418489522	3688385.49768997	
249963.525049432	3688386.01658823	
249963.62258167	3688386.5468178	
249963.691888224	3688387.06667556	
249963.761766114	3688387.60871618	
249963.812445991	3688388.12905369	
249963.892494221	3688388.70412871	
249963.972542445	3688389.27920373	
249964.033678327	3688389.84366707	
249964.057846549	3688390.42018134	
249964.084585812	3688391.09651843	
249964.118067366	3688391.67279283	
249964.16988991	3688392.23749604	
249964.166118145	3688392.81472994	
249964.141720029	3688393.3148036	
249964.117607589	3688393.82596868	
249964.048071198	3688394.38269884	
249963.979677505	3688394.98379471	
249963.91831178	3688395.4959193	
249963.821406788	3688396.07555194	
249963.705875159	3688396.65566434	
249963.597657168	3688397.15789688	
249963.470526869	3688397.64951775	
249963.318027664	3688398.24168108	
249963.155929486	3688398.82299286	
249963.000859269	3688399.31533337	
249962.85481672	3688399.79634257	
249962.680548547	3688400.26697999	
249962.506280394	3688400.73761741	
249962.315956682	3688401.30855741	
249962.151287565	3688401.79004639	
249961.922853595	3688402.32867164	
249961.675221662	3688402.8455938	
249961.373423893	3688403.43050379	
249961.106879709	3688403.9368143	
249960.820566215	3688404.39923887	
249960.508883881	3688404.96220592	
249960.22257045	3688405.42463051	
249959.928086438	3688405.9316607	
249959.633316781	3688406.42759947	
249959.328948162	3688406.9126867	
249958.977727318	3688407.38788192	
249958.636105503	3688407.8739287	
249958.348935219	3688408.30307908	
249958.052165967	3688408.72137793	
249957.736198752	3688409.1179737	
249957.401890617	3688409.52614066	
249957.030900619	3688409.95745003	
249956.676823191	3688410.32173108	
249956.258981011	3688410.74314847	
249955.877249388	3688411.11924063	
249955.413126398	3688411.5529489	
249954.966773025	3688411.95290314	
249954.593783443	3688412.30657263	
249954.182969275	3688412.63901882	
249953.734330521	3688412.95024171	
249953.303747047	3688413.23880201	
249952.765117792	3688413.6744295	
249952.362759993	3688413.97336161	
249951.91269292	3688414.22912746	
249951.462911559	3688414.49598477	
249950.949079809	3688414.80888702	
249950.388967235	3688415.13408017	
249949.827140558	3688415.3927248	
249949.357018545	3688415.59351343	
249948.813247155	3688415.82949548	
249948.277646329	3688416.02087197	
249947.668396137	3688416.2474419	
249947.113597352	3688416.41711539	
249946.567540504	3688416.56436616	
249946.0491379	3688416.69980585	
249945.512108692	3688416.83572537	
249945.021360341	3688416.95935401	
249944.484045462	3688417.08418216	
249943.946159202	3688417.18682748	
249943.399531037	3688417.31189558	
249942.769368818	3688417.45021421	
249942.241081593	3688417.56371116	
249941.573380473	3688417.69189803	
249941.007554342	3688417.79526321	
249940.422815907	3688417.88801679	
249939.818879464	3688417.95906736	
249939.205629718	3688418.03035786	
249938.591808574	3688418.07946555	
249938.051351073	3688418.08228836	
249937.370908262	3688418.07761829	
249936.764971903	3688418.07102906	
249936.148865115	3688418.03140548	
249935.420141515	3688417.96138651	
249934.831117508	3688417.88776902	
249934.222895459	3688417.79244853	
249933.613530562	3688417.65276236	
249933.125810061	3688417.53214031	
249932.563011665	3688417.39125468	
249932.001070382	3688417.28364336	
249931.458327121	3688417.19773512	
249930.934496176	3688417.12243851	
249930.392324314	3688417.05871318	
249929.837410585	3688416.86213066	
249929.283639682	3688416.70991388	
249928.748495378	3688416.55721731	
249928.212493911	3688416.37124648	
249927.694261895	3688416.15152158	
249927.177172717	3688415.97616242	
249926.678710137	3688415.80032346	
249926.133109555	3688415.60350122	
249925.615734595	3688415.41705071	
249925.144926166	3688415.22940066	
249924.579556019	3688414.98869263	
249924.134973166	3688414.73377432	
249923.604856168	3688414.41446669	
249923.083766727	3688414.08382775	
249922.542907742	3688413.70930295	
249922.114379907	3688413.35408204	
249921.665511083	3688412.93279242	
249921.292577338	3688412.56504062	
249920.918786395	3688412.16401455	
249920.573792534	3688411.79554303	
249920.190402498	3688411.38366547	
249919.797413391	3688410.96093642	
249919.403852803	3688410.51602453	
249919.018748323	3688410.03759845	
249918.682781908	3688409.65779563	
249918.298534535	3688409.21264386	
249917.962282342	3688408.82174964	
249917.616431078	3688408.42000393	
249917.298805465	3688408.02862989	
249916.951525515	3688407.57142706	
249916.613273124	3688407.10289288	
249916.313702615	3688406.68885617	
249916.08749573	3688406.22853439	
249915.87905828	3688405.73445849	
249915.650565533	3688405.18540529	
249915.561201124	3688404.61057042	
249915.592909889	3688404.03261656	
249915.607134928	3688403.49950826	
249915.610618011	3688402.91118274	
249915.633299201	3688402.34456024	
249915.515423356	3688401.74826228	
249915.388234177	3688401.15220423	
249915.188824209	3688400.64679699	
249914.916336259	3688400.19876627	
249914.549857843	3688399.71986049	
249914.202577502	3688399.26265773	
249913.781647704	3688398.84064865	
249913.436653135	3688398.47217734	
249913.05154793	3688397.99375146	
249912.807285531	3688397.55609244	
249912.618045891	3688397.0837196	
249912.43640518	3688396.54455827	
249912.290874848	3688395.96007154	
249912.179740515	3688395.26371083	
249912.073749327	3688394.76699582	
249911.984956139	3688394.21434382	
249911.916218261	3688393.71666911	
249911.825710675	3688393.09746855	
249911.754401209	3688392.499971	
249911.701432676	3688391.89090217	
249911.651321448	3688391.39274761	
249911.589325306	3688390.79501013	
249911.545955831	3688390.19679281	
249911.503157815	3688389.62075834	
249911.469387403	3688389.03339251	
249911.407962713	3688388.45783789	
249911.234492239	3688387.87407094	
249911.060736017	3688387.27921257	
249910.880523753	3688386.79550839	
249910.661629458	3688386.25730679	
249910.340288409	3688385.72174437	
249909.974380752	3688385.26502158	
249909.514768191	3688384.78851522	
249909.103150957	3688384.36626637	
249908.646109916	3688383.98958289	
249908.180612699	3688383.64641365	
249907.708945189	3688383.42549005	
249907.191568151	3688383.23904041	
249906.684933113	3688383.107808	
249906.178012321	3688382.96548419	
249905.64372296	3688382.84606305	
249905.145829742	3688382.69240793	
249904.495779898	3688382.42058602	
249903.995600725	3688382.17819954	
249903.448854808	3688381.93701274	
249902.771150569	3688381.67700217	
249902.206635123	3688381.46956958	
249901.726796973	3688381.29325191	
249901.134912927	3688381.10872205	
249900.554913886	3688381.02377513	
249899.87503973	3688381.04129039	
249899.339151902	3688381.22157809	
249898.793950747	3688381.40210575	
249898.307201382	3688381.68101667	
249897.75925908	3688382.11688717	
249897.22937202	3688382.53009498	
249896.754222073	3688382.89749748	
249896.286671019	3688383.19811149	
249895.819119991	3688383.49872553	
249895.323628967	3688383.80005941	
249894.707064525	3688384.10451254	
249894.216886402	3688384.25032655	
249893.669399487	3688384.34212308	
249893.018037063	3688384.38110187	
249892.504946007	3688384.36102442	
249891.999453772	3688384.27415848	
249891.455850898	3688384.15497806	
249890.883736473	3688384.01433464	
249890.171064629	3688383.84401614	
249889.560268014	3688383.64887544	
249888.978840181	3688383.50847207	
249888.279196436	3688383.48210233	
249887.66594459	3688383.55339598	
249886.990071173	3688383.72619216	
249886.491722807	3688383.91661222	
249886.002116281	3688384.0846095	
249885.502624906	3688384.2306639	
249884.919884987	3688384.40106073	
249884.336859323	3688384.56036617	
249883.745377621	3688384.75318589	
249883.145725648	3688384.9906113	
249882.637778301	3688385.17018009	
249882.006471419	3688385.26413687	
249881.457555794	3688385.30047696	
249880.878985554	3688385.27098837	
249880.358867251	3688385.33988294	
249879.754357346	3688385.38875429	
249879.166759523	3688385.37059718	
249878.634755976	3688385.33990895	
249877.990420784	3688385.28991736	
249877.403108712	3688385.28285179	
249876.806197523	3688385.26493478	
249876.255281497	3688385.22363517	
249875.684881466	3688385.14954121	
249875.161333905	3688385.08533892	
249874.636929019	3688384.98786236	
249874.113095666	3688384.9125687	
249873.40213813	3688384.80879999	
249872.803226461	3688384.71324322	
249872.287849087	3688384.6044354	
249871.631342677	3688384.44376991	
249871.097338584	3688384.33544207	
249870.507454419	3688384.22855405	
249869.870431963	3688384.10068303	
249869.337285161	3688384.02562958	
249868.826194385	3688384.08319338	
249868.325560073	3688384.18488296	
249867.829212475	3688384.45294401	
249867.438169485	3688384.82927974	
249867.15157376	3688385.28061586	
249866.997365322	3688385.80623246	
249866.88069605	3688386.34198061	
249866.801851721	3688386.89895176	
249866.77774432	3688387.41011739	
249866.800489405	3688387.93117461	
249866.842146953	3688388.46284332	
249866.821754727	3688389.11819753	
249866.694629059	3688389.60981995	
249866.567789186	3688390.11253379	
249866.384497743	3688390.59450459	
249866.042308025	3688391.058372	
249865.634067635	3688391.49064491	
249865.206343257	3688391.8901235	
249864.775475286	3688392.16759638	
249864.242160644	3688392.44770895	
249863.679762882	3688392.68417575	
249863.115078853	3688392.83191114	
249862.518453812	3688392.82508647	
249861.937025984	3688392.68468473	
249861.36319674	3688392.47749448	
249860.761713251	3688392.2821156	
249860.308099957	3688392.03853146	
249859.842315401	3688391.68427302	
249859.440581008	3688391.28396905	
249859.047302546	3688390.85015083	
249858.736415136	3688390.3587157	
249858.45906576	3688389.72213208	
249858.395065781	3688389.04675474	
249858.435513079	3688388.44637767	
249858.469219166	3688387.94606345	
249858.547491426	3688387.36690935	
249858.6438188	3688386.76509243	
249858.818082415	3688386.29445288	
249859.121018102	3688385.7539051	
249859.60004997	3688385.17552353	
249859.943382796	3688384.75602161	
249860.297172151	3688384.38064545	
249860.817744362	3688383.9676755	
249861.303063753	3688383.63330548	
249861.827637065	3688383.37561561	
249862.400206058	3688383.17218305	
249862.934664336	3688382.93643613	
249863.477578627	3688382.66717498	
249863.936958624	3688382.41116501	
249864.407652478	3688382.23255511	
249864.858576521	3688382.01005946	
249865.356353096	3688381.79745541	
249866.038967702	3688381.52459488	
249866.658389388	3688381.33105418	
249867.138968242	3688381.17438731	
249867.64834449	3688381.05027485	
249868.298564065	3688380.96692865	
249868.92255828	3688380.95085097	
249869.651285527	3688381.02086515	
249870.157635559	3688381.14100423	
249870.888363211	3688381.28865851	
249871.497445789	3688381.4172495	
249872.151666201	3688381.48918356	
249872.74069318	3688381.56279741	
249873.321549896	3688381.68101696	
249873.921604833	3688381.82093948	
249874.671244816	3688381.97920555	
249875.243645446	3688382.13093946	
249875.880096383	3688382.23662798	
249876.413243202	3688382.31168179	
249877.085804409	3688382.37204484	
249877.637863662	3688382.45771023	
249878.337793343	3688382.49517064	
249878.906764656	3688382.51380762	
249879.483334708	3688382.4656561	
249880.02150832	3688382.37409872	
249880.531170376	3688382.26107837	
249881.124366778	3688382.13480704	
249881.687908574	3688381.94270703	
249882.379836873	3688381.66960772	
249882.942807188	3688381.45532493	
249883.495321133	3688381.19691642	
249884.074346335	3688380.88233093	
249884.513957144	3688380.58243617	
249884.942540071	3688380.2162328	
249885.313814152	3688379.79601201	
249885.747424101	3688379.26319731	
249886.023278708	3688378.75664461	
249886.242681739	3688378.22934875	
249886.442886583	3688377.68034994	
249886.733081606	3688377.00694594	
249887.019106961	3688376.53342762	
249887.356726089	3688375.89209819	
249887.632009377	3688375.36336269	
249887.851984103	3688374.85824974	
249888.161091786	3688374.19545733	
249888.427061821	3688373.66696181	
249888.803934857	3688373.10231266	
249889.13652721	3688372.62759469	
249889.506658766	3688372.16300838	
249890.033688612	3688371.63888588	
249890.397364428	3688371.28545384	
249890.77063938	3688370.94287329	
249891.274872834	3688370.61911642	
249891.798876038	3688370.3392454	
249892.239344821	3688370.07262531	
249892.756034976	3688369.87063429	
249893.321006429	3688369.73399215	
249893.896148498	3688369.6303844	
249894.631332117	3688369.58924627	
249895.209617426	3688369.60764431	
249895.9290318	3688369.67790043	
249896.453437184	3688369.77537817	
249897.157939508	3688369.99030283	
249897.782050537	3688370.34048411	
249898.220180172	3688370.70655558	
249898.604429853	3688371.15170668	
249898.971195768	3688371.64170338	
249899.279795584	3688372.04440827	
249899.610450994	3688372.57973045	
249899.836659296	3688373.04005192	
249900.026757142	3688373.54569884	
249900.209827559	3688374.14031713	
249900.390326277	3688374.63511257	
249900.626990823	3688375.13955983	
249900.900337262	3688375.6208645	
249901.246761764	3688376.04479257	
249901.61038423	3688376.41278364	
249902.01914471	3688376.72411792	
249902.455273727	3688377.01254957	
249903.000876978	3688377.20937061	
249903.526996295	3688377.37339727	
249904.203557844	3688377.5890422	
249904.692137987	3688377.74293721	
249905.283736406	3688377.91637588	
249905.961440814	3688378.17638663	
249906.507615386	3688378.39539073	
249906.988310772	3688378.60498292	
249907.506545255	3688378.82470685	
249908.137111333	3688379.06373454	
249908.841326943	3688379.26756856	
249909.347962137	3688379.3988011	
249909.881965888	3688379.50713102	
249910.459679041	3688379.50334707	
249911.119497918	3688379.43085527	
249911.82474061	3688379.31279818	
249912.334403057	3688379.19977953	
249912.852807401	3688379.06433813	
249913.341557354	3688378.86306797	
249913.829164417	3688378.61743211	
249914.296716178	3688378.31681899	
249914.8009499	3688377.99306336	
249915.257759743	3688377.63723307	
249915.751537285	3688377.2693517	
249916.216517647	3688376.86891583	
249916.605848368	3688376.42603363	
249917.033575413	3688376.02655748	
249917.451703421	3688375.61622985	
249917.898342957	3688375.22736534	
249918.472797928	3688374.73531916	
249918.947663316	3688374.35682637	
249919.412643949	3688373.95639068	
249919.858140759	3688373.52316055	
249920.295467136	3688373.13453608	
249920.7421069	3688372.74567171	
249921.326732667	3688372.28666009	
249921.921243275	3688371.84959144	
249922.53438064	3688371.41204301	
249922.990333924	3688371.02293885	
249923.584558966	3688370.57477889	
249924.170327853	3688370.16013316	
249924.645765109	3688369.80382354	
249925.139829109	3688369.44703412	
249925.671432275	3688369.10037651	
249926.222519324	3688368.7865134	
249926.773606406	3688368.47265033	
249927.31595159	3688368.18121005	
249927.877494935	3688367.91147283	
249928.429724954	3688367.64197557	
249929.001724548	3688367.41636422	
249929.573724168	3688367.19075292	
249930.137838992	3688367.02083869	
249930.701668126	3688366.83983306	
249931.274810636	3688366.65858757	
249931.84035404	3688366.54413057	
249932.415210811	3688366.42943371	
249932.990639002	3688366.33691973	
249933.548297597	3688366.27815987	
249934.096071434	3688366.19745709	
249934.644702385	3688366.15002863	
249935.305093619	3688366.09972139	
249935.825784505	3688366.05301269	
249936.384871621	3688366.04971013	
249936.934073979	3688366.02446465	
249937.50190305	3688365.9987394	
249938.060990161	3688365.99543693	
249938.610478216	3688365.98128297	
249939.188477734	3688365.9885922	
249939.897435634	3688366.01472578	
249940.607822005	3688366.09631653	
249941.35517609	3688366.16585633	
249941.878438218	3688366.2189708	
249942.54197207	3688366.29066974	
249943.084432276	3688366.36548734	
249943.59838102	3688366.41884179	
249944.338992904	3688366.58844454	
249944.873568169	3688366.71895926	
249945.399972821	3688366.8940796	
249945.964773632	3688367.11260611	
249946.671274561	3688367.40517429	
249947.264015373	3688367.6229812	
249947.839272196	3688367.88563363	
249948.423556653	3688368.13695478	
249948.951389582	3688368.36753243	
249949.506591174	3688368.5752076	
249950.089447116	3688368.77107172	
249950.661846943	3688368.92281005	
249951.252587771	3688369.06297721	
249951.870125906	3688369.15805905	
249952.414014251	3688369.28833429	
249953.031838037	3688369.39450762	
