249947.5672	3688367.483
249947.3814	3688367.433
249947.1964	3688367.388
249947.01	3688367.344
249946.824	3688367.291
249946.6295	3688367.247
249946.4547	3688367.179
249946.2723	3688367.122
249946.0863	3688367.061
249945.9096	3688366.99
249945.7304	3688366.924
249945.5453	3688366.851
249945.3707	3688366.782
249945.1946	3688366.717
249945.0064	3688366.652
249944.8281	3688366.581
249944.6462	3688366.517
249944.461	3688366.449
249944.2781	3688366.379
249944.091	3688366.315
249943.9083	3688366.26
249943.7173	3688366.215
249943.522	3688366.173
249943.3285	3688366.125
249943.1425	3688366.072
249942.948	3688366.028
249942.7605	3688365.985
249942.5751	3688365.945
249942.3813	3688365.903
249942.188	3688365.86
249941.9986	3688365.822
249941.8085	3688365.795
249941.6274	3688365.764
249941.4363	3688365.731
249941.2517	3688365.71
249941.0608	3688365.696
249940.8626	3688365.672
249940.6739	3688365.662
249940.4864	3688365.663
249940.2968	3688365.661
249940.0997	3688365.651
249939.9067	3688365.64
249939.7127	3688365.63
249939.5218	3688365.62
249939.3225	3688365.607
249939.1326	3688365.604
249938.9337	3688365.61
249938.7341	3688365.616
249938.5363	3688365.621
249938.3417	3688365.626
249938.1566	3688365.63
249937.9731	3688365.641
249937.7829	3688365.659
249937.5833	3688365.664
249937.3838	3688365.669
249937.1936	3688365.686
249937.002	3688365.707
249936.816	3688365.728
249936.6283	3688365.749
249936.4388	3688365.767
249936.2467	3688365.774
249936.0483	3688365.796
249935.8537	3688365.806
249935.6598	3688365.824
249935.4638	3688365.842
249935.2672	3688365.853
249935.0713	3688365.877
249934.8765	3688365.901
249934.6804	3688365.927
249934.4846	3688365.965
249934.2888	3688366.004
249934.0957	3688366.028
249933.9015	3688366.072
249933.7127	3688366.102
249933.5152	3688366.12
249933.3255	3688366.164
249933.1352	3688366.191
249932.9445	3688366.217
249932.7515	3688366.241
249932.5648	3688366.273
249932.3694	3688366.31
249932.1729	3688366.338
249931.9856	3688366.385
249931.7966	3688366.441
249931.7473	3688366.443
249931.7323	3688366.451
249931.7323	3688366.451
249931.7325	3688366.458
249931.7321	3688366.443
249931.7325	3688366.458
249931.7323	3688366.451
249931.7201	3688366.462
249931.713	3688366.462
249931.5814	3688366.493
249931.3894	3688366.535
249931.199	3688366.572
249931.0111	3688366.624
249930.8191	3688366.666
249930.6332	3688366.723
249930.4449	3688366.77
249930.2562	3688366.827
249930.0756	3688366.879
249929.8884	3688366.92
249929.703	3688366.965
249929.5173	3688367.018
249929.3274	3688367.074
249929.1379	3688367.132
249928.9527	3688367.188
249928.7673	3688367.252
249928.5821	3688367.321
249928.3964	3688367.395
249928.2116	3688367.47
249928.0285	3688367.541
249927.8442	3688367.618
249927.6638	3688367.688
249927.4857	3688367.761
249927.317	3688367.845
249927.1516	3688367.936
249926.9755	3688368.025
249926.8037	3688368.125
249926.6345	3688368.224
249926.4717	3688368.319
249926.3003	3688368.409
249926.1298	3688368.507
249925.9689	3688368.614
249925.8034	3688368.713
249925.6391	3688368.82
249925.4736	3688368.927
249925.3038	3688369.016
249925.1378	3688369.126
249924.9733	3688369.239
249924.8169	3688369.354
249924.6686	3688369.473
249924.5188	3688369.596
249924.3582	3688369.705
249924.1959	3688369.814
249924.0418	3688369.929
249923.8861	3688370.045
249923.7356	3688370.162
249923.5877	3688370.281
249923.433	3688370.39
249923.2828	3688370.509
249923.1248	3688370.624
249922.9693	3688370.739
249922.8072	3688370.844
249922.6463	3688370.951
249922.49	3688371.059
249922.3315	3688371.174
249922.1739	3688371.296
249922.0116	3688371.411
249921.8508	3688371.525
249921.7051	3688371.647
249921.5499	3688371.76
249921.4014	3688371.875
249921.2525	3688371.996
249921.1009	3688372.119
249920.9359	3688372.231
249920.7878	3688372.364
249920.6407	3688372.489
249920.4964	3688372.612
249920.3476	3688372.731
249920.1966	3688372.848
249920.0657	3688372.99
249919.919	3688373.118
249919.7651	3688373.241
249919.6108	3688373.364
249919.457	3688373.487
249919.3133	3688373.615
249919.1697	3688373.746
249919.0288	3688373.878
249918.8927	3688374.02
249918.7542	3688374.161
249918.6138	3688374.298
249918.4892	3688374.442
249918.3746	3688374.602
249918.251	3688374.758
249918.1285	3688374.912
249918.0174	3688375.072
249917.9117	3688375.241
249917.8028	3688375.401
249917.686	3688375.55
249917.5655	3688375.695
249917.4541	3688375.845
249917.3426	3688375.994
249917.2253	3688376.141
249917.1083	3688376.288
249916.9996	3688376.437
249916.8823	3688376.587
249916.7475	3688376.727
249916.6061	3688376.86
249916.4695	3688376.987
249916.3258	3688377.118
249916.1816	3688377.249
249916.0383	3688377.38
249915.8897	3688377.51
249915.7379	3688377.637
249915.5878	3688377.758
249915.4338	3688377.885
249915.277	3688378.008
249915.1195	3688378.117
249914.9562	3688378.218
249914.7865	3688378.317
249914.6115	3688378.409
249914.4423	3688378.508
249914.2741	3688378.584
249914.0906	3688378.66
249913.9136	3688378.728
249913.7351	3688378.793
249913.55	3688378.857
249913.3641	3688378.911
249913.1759	3688378.977
249912.9987	3688379.039
249912.819	3688379.098
249912.6259	3688379.149
249912.4331	3688379.185
249912.2422	3688379.239
249912.0548	3688379.276
249911.8633	3688379.303
249911.6773	3688379.324
249911.4817	3688379.35
249911.2855	3688379.382
249911.0877	3688379.387
249910.8979	3688379.392
249910.7091	3688379.397
249910.5199	3688379.397
249910.3218	3688379.388
249910.1223	3688379.378
249909.9292	3688379.368
249909.7448	3688379.349
249909.549	3688379.334
249909.359	3688379.332
249909.1702	3688379.305
249908.9841	3688379.282
249908.7877	3688379.268
249908.5914	3688379.237
249908.4027	3688379.194
249908.2136	3688379.153
249908.0161	3688379.124
249907.8207	3688379.098
249907.6314	3688379.073
249907.4356	3688379.033
249907.2422	3688378.99
249907.0474	3688378.948
249906.8611	3688378.911
249906.6641	3688378.877
249906.4784	3688378.831
249906.2935	3688378.778
249906.1096	3688378.715
249905.9193	3688378.66
249905.7278	3688378.618
249905.5434	3688378.56
249905.3487	3688378.519
249905.1573	3688378.468
249904.9765	3688378.428
249904.7858	3688378.384
249904.6026	3688378.326
249904.4164	3688378.268
249904.2415	3688378.2
249904.0588	3688378.141
249903.8786	3688378.088
249903.6872	3688378.032
249903.4989	3688377.989
249903.3111	3688377.949
249903.12	3688377.893
249902.9414	3688377.837
249902.759	3688377.778
249902.5825	3688377.714
249902.4043	3688377.637
249902.2313	3688377.555
249902.0669	3688377.455
249901.8974	3688377.359
249901.7334	3688377.256
249901.5847	3688377.132
249901.4525	3688376.992
249901.3267	3688376.85
249901.2005	3688376.702
249901.096	3688376.534
249901.0041	3688376.364
249900.9414	3688376.182
249900.8911	3688375.991
249900.8508	3688375.796
249900.8128	3688375.601
249900.7895	3688375.403
249900.7547	3688375.207
249900.7483	3688375.009
249900.7236	3688374.816
249900.6905	3688374.634
249900.6588	3688374.437
249900.6288	3688374.245
249900.5985	3688374.051
249900.5409	3688373.864
249900.4898	3688373.688
249900.4543	3688373.499
249900.4307	3688373.306
249900.388	3688373.113
249900.3303	3688372.926
249900.2707	3688372.745
249900.2167	3688372.565
249900.1465	3688372.382
249900.0695	3688372.214
249900.0085	3688372.032
249899.9117	3688371.862
249899.8095	3688371.702
249899.6978	3688371.54
249899.5728	3688371.385
249899.4496	3688371.241
249899.3274	3688371.088
249899.2051	3688370.936
249899.0848	3688370.787
249898.9528	3688370.644
249898.8119	3688370.514
249898.6676	3688370.38
249898.5349	3688370.245
249898.3838	3688370.125
249898.2288	3688370.012
249898.0735	3688369.912
249897.9073	3688369.807
249897.7491	3688369.693
249897.5863	3688369.599
249897.413	3688369.505
249897.2285	3688369.43
249897.0497	3688369.361
249896.8645	3688369.303
249896.6735	3688369.259
249896.484	3688369.217
249896.291	3688369.19
249896.1014	3688369.151
249895.9123	3688369.132
249895.721	3688369.122
249895.5301	3688369.115
249895.3306	3688369.12
249895.1351	3688369.125
249894.9457	3688369.14
249894.7573	3688369.153
249894.5704	3688369.175
249894.3836	3688369.207
249894.1928	3688369.23
249894.0003	3688369.252
249893.8124	3688369.275
249893.6211	3688369.313
249893.4283	3688369.349
249893.2451	3688369.381
249893.0612	3688369.423
249892.8819	3688369.473
249892.6949	3688369.523
249892.5158	3688369.589
249892.3395	3688369.654
249892.1698	3688369.725
249891.9899	3688369.809
249891.8189	3688369.898
249891.6544	3688370.002
249891.4873	3688370.108
249891.3248	3688370.219
249891.1601	3688370.324
249891.0032	3688370.434
249890.8451	3688370.548
249890.689	3688370.671
249890.5469	3688370.792
249890.4101	3688370.921
249890.2641	3688371.057
249890.124	3688371.191
249889.9886	3688371.322
249889.8428	3688371.455
249889.6978	3688371.588
249889.5591	3688371.73
249889.4264	3688371.878
249889.3027	3688372.02
249889.1766	3688372.163
249889.0532	3688372.305
249888.9326	3688372.456
249888.8113	3688372.608
249888.6913	3688372.759
249888.5755	3688372.904
249888.4643	3688373.062
249888.3647	3688373.229
249888.2491	3688373.39
249888.1537	3688373.556
249888.058	3688373.722
249887.9581	3688373.878
249887.8527	3688374.033
249887.7543	3688374.204
249887.6554	3688374.375
249887.5685	3688374.544
249887.4795	3688374.722
249887.3981	3688374.89
249887.316	3688375.071
249887.2385	3688375.253
249887.1706	3688375.427
249887.1044	3688375.611
249887.0341	3688375.797
249886.9703	3688375.98
249886.9138	3688376.165
249886.843	3688376.347
249886.7814	3688376.534
249886.7242	3688376.712
249886.6624	3688376.896
249886.5997	3688377.074
249886.5335	3688377.253
249886.4493	3688377.431
249886.3645	3688377.611
249886.2803	3688377.789
249886.1758	3688377.959
249886.0743	3688378.118
249885.9688	3688378.285
249885.8557	3688378.436
249885.7397	3688378.591
249885.6243	3688378.736
249885.4866	3688378.879
249885.3584	3688379.024
249885.2203	3688379.163
249885.0818	3688379.299
249884.9409	3688379.432
249884.808	3688379.568
249884.6588	3688379.69
249884.5097	3688379.802
249884.3514	3688379.918
249884.2001	3688380.03
249884.0293	3688380.127
249883.8591	3688380.223
249883.6906	3688380.322
249883.5193	3688380.423
249883.3471	3688380.524
249883.1744	3688380.61
249883.0065	3688380.712
249882.838	3688380.807
249882.668	3688380.891
249882.4941	3688380.982
249882.3226	3688381.061
249882.1456	3688381.145
249881.9641	3688381.223
249881.7834	3688381.29
249881.6023	3688381.363
249881.4267	3688381.438
249881.2504	3688381.519
249881.075	3688381.588
249880.8997	3688381.656
249880.7235	3688381.729
249880.5337	3688381.782
249880.3555	3688381.848
249880.176	3688381.914
249879.9874	3688381.963
249879.8041	3688381.999
249879.6131	3688382.049
249879.4232	3688382.103
249879.2309	3688382.141
249879.0345	3688382.176
249878.8395	3688382.218
249878.649	3688382.261
249878.4531	3688382.285
249878.2653	3688382.32
249878.0715	3688382.356
249877.8755	3688382.383
249877.688	3688382.405
249877.5007	3688382.417
249877.3133	3688382.422
249877.1258	3688382.427
249876.9343	3688382.424
249876.7412	3688382.42
249876.5532	3688382.441
249876.3541	3688382.445
249876.1558	3688382.435
249875.9591	3688382.423
249875.7614	3688382.4
249875.5646	3688382.373
249875.3718	3688382.346
249875.1836	3688382.318
249874.9894	3688382.277
249874.7959	3688382.253
249874.6079	3688382.229
249874.4174	3688382.204
249874.2326	3688382.183
249874.0396	3688382.173
249873.8457	3688382.162
249873.6551	3688382.164
249873.4628	3688382.16
249873.2696	3688382.141
249873.0813	3688382.109
249872.8917	3688382.054
249872.7057	3688382.012
249872.5162	3688381.971
249872.323	3688381.929
249872.1353	3688381.886
249871.9459	3688381.843
249871.7525	3688381.796
249871.5632	3688381.737
249871.3769	3688381.698
249871.1827	3688381.654
249871.0026	3688381.601
249870.8215	3688381.535
249870.6448	3688381.469
249870.457	3688381.411
249870.2625	3688381.367
249870.0802	3688381.302
249869.8969	3688381.232
249869.7192	3688381.169
249869.5293	3688381.113
249869.3401	3688381.054
249869.1495	3688381.007
249868.9676	3688380.964
249868.7767	3688380.933
249868.5929	3688380.917
249868.4076	3688380.912
249868.2129	3688380.916
249868.0147	3688380.905
249867.8201	3688380.908
249867.631	3688380.932
249867.446	3688380.977
249867.2661	3688381.03
249867.0868	3688381.101
249866.9045	3688381.174
249866.7213	3688381.241
249866.5506	3688381.318
249866.3681	3688381.389
249866.1889	3688381.456
249866.0093	3688381.538
249865.8352	3688381.617
249865.6603	3688381.697
249865.4852	3688381.777
249865.3065	3688381.861
249865.1338	3688381.946
249864.9554	3688382.035
249864.7835	3688382.128
249864.6046	3688382.2
249864.432	3688382.276
249864.2643	3688382.357
249864.0927	3688382.441
249863.9153	3688382.523
249863.731	3688382.593
249863.5587	3688382.684
249863.3849	3688382.763
249863.1997	3688382.823
249863.0248	3688382.897
249862.8596	3688382.986
249862.6904	3688383.078
249862.5151	3688383.173
249862.3399	3688383.262
249862.162	3688383.352
249861.9917	3688383.442
249861.8237	3688383.535
249861.6519	3688383.614
249861.4746	3688383.704
249861.3069	3688383.803
249861.1356	3688383.904
249860.9698	3688384.013
249860.8134	3688384.111
249860.6495	3688384.221
249860.5019	3688384.353
249860.3492	3688384.476
249860.2073	3688384.606
249860.0682	3688384.747
249859.9273	3688384.873
249859.7836	3688385.005
249859.6494	3688385.147
249859.5208	3688385.296
249859.3887	3688385.44
249859.2575	3688385.577
249859.128	3688385.712
249859.0138	3688385.871
249858.911	3688386.033
249858.8166	3688386.205
249858.7227	3688386.365
249858.628	3688386.536
249858.5439	3688386.708
249858.4614	3688386.89
249858.3935	3688387.064
249858.3378	3688387.247
249858.2808	3688387.434
249858.2241	3688387.61
249858.1697	3688387.793
249858.1345	3688387.986
249858.1148	3688388.178
249858.0927	3688388.376
249858.0946	3688388.559
249858.1117	3688388.745
249858.1328	3688388.944
249858.1626	3688389.136
249858.1942	3688389.326
249858.2367	3688389.519
249858.2984	3688389.708
249858.3692	3688389.882
249858.4501	3688390.064
249858.5258	3688390.245
249858.6125	3688390.416
249858.6953	3688390.58
249858.7817	3688390.746
249858.8784	3688390.92
249858.9639	3688391.094
249859.084	3688391.245
249859.2002	3688391.405
249859.321	3688391.551
249859.4517	3688391.69
249859.594	3688391.83
249859.7371	3688391.957
249859.8968	3688392.072
249860.0491	3688392.187
249860.2148	3688392.291
249860.383	3688392.398
249860.5514	3688392.49
249860.7283	3688392.571
249860.9022	3688392.656
249861.0923	3688392.711
249861.2775	3688392.757
249861.4602	3688392.808
249861.6446	3688392.847
249861.8327	3688392.872
249862.0261	3688392.897
249862.2201	3688392.908
249862.4148	3688392.919
249862.6138	3688392.919
249862.8043	3688392.906
249862.9904	3688392.869
249863.1772	3688392.816
249863.3591	3688392.765
249863.5466	3688392.715
249863.723	3688392.637
249863.8984	3688392.568
249864.0772	3688392.486
249864.2455	3688392.39
249864.4101	3688392.299
249864.5751	3688392.187
249864.7203	3688392.055
249864.8751	3688391.928
249865.0251	3688391.805
249865.167	3688391.666
249865.2951	3688391.53
249865.4356	3688391.397
249865.5652	3688391.251
249865.6963	3688391.103
249865.8327	3688390.959
249865.9574	3688390.818
249866.0753	3688390.662
249866.1837	3688390.495
249866.2916	3688390.329
249866.3661	3688390.151
249866.4287	3688389.974
249866.4906	3688389.79
249866.5423	3688389.61
249866.5765	3688389.418
249866.5964	3688389.225
249866.6062	3688389.028
249866.6062	3688388.831
249866.595	3688388.634
249866.5806	3688388.44
249866.5751	3688388.242
249866.5582	3688388.055
249866.5501	3688387.858
249866.5368	3688387.667
249866.513	3688387.469
249866.5039	3688387.271
249866.4604	3688387.196
249866.4676	3688387.127
249866.4485	3688386.93
249866.4352	3688386.739
249866.4382	3688386.541
249866.4459	3688386.346
249866.4657	3688386.154
249866.5178	3688385.963
249866.5729	3688385.773
249866.638	3688385.585
249866.7046	3688385.401
249866.8019	3688385.233
249866.9126	3688385.069
249867.033	3688384.92
249867.1672	3688384.774
249867.306	3688384.633
249867.4485	3688384.504
249867.6012	3688384.391
249867.7623	3688384.292
249867.9332	3688384.199
249868.1062	3688384.129
249868.2916	3688384.086
249868.4765	3688384.029
249868.6619	3688383.991
249868.8511	3688383.972
249869.0454	3688383.967
249869.2417	3688383.962
249869.4387	3688383.956
249869.6358	3688383.989
249869.8227	3688384.058
249869.9977	3688384.132
249870.167	3688384.223
249870.3398	3688384.304
249870.5152	3688384.387
249870.6928	3688384.471
249870.8704	3688384.546
249871.0499	3688384.618
249871.2317	3688384.691
249871.412	3688384.767
249871.5968	3688384.803
249871.7715	3688384.873
249871.9632	3688384.923
249872.1451	3688384.97
249872.3346	3688385.029
249872.518	3688385.065
249872.6989	3688385.109
249872.8825	3688385.155
249873.0764	3688385.193
249873.2566	3688385.245
249873.443	3688385.289
249873.6379	3688385.328
249873.8318	3688385.363
249874.0136	3688385.397
249874.1981	3688385.423
249874.3873	3688385.446
249874.5854	3688385.467
249874.7729	3688385.499
249874.9634	3688385.528
249875.1568	3688385.55
249875.3545	3688385.572
249875.5484	3688385.575
249875.7394	3688385.575
249875.937	3688385.583
249876.1311	3688385.592
249876.3149	3688385.592
249876.5082	3688385.582
249876.7024	3688385.562
249876.8998	3688385.541
249877.0963	3688385.521
249877.292	3688385.5
249877.4781	3688385.48
249877.6648	3688385.465
249877.8545	3688385.456
249878.0505	3688385.436
249878.2483	3688385.431
249878.4479	3688385.426
249878.6349	3688385.41
249878.818	3688385.398
249879.0156	3688385.393
249879.2091	3688385.388
249879.3978	3688385.383
249879.5875	3688385.378
249879.7834	3688385.373
249879.9726	3688385.361
249880.169	3688385.341
249880.3612	3688385.321
249880.5548	3688385.316
249880.7447	3688385.286
249880.9276	3688385.253
249881.122	3688385.21
249881.3106	3688385.16
249881.5046	3688385.12
249881.6945	3688385.066
249881.8855	3688385.016
249882.0772	3688384.962
249882.2547	3688384.914
249882.4388	3688384.87
249882.631	3688384.83
249882.814	3688384.763
249882.999	3688384.709
249883.1819	3688384.649
249883.3576	3688384.586
249883.544	3688384.517
249883.724	3688384.449
249883.8981	3688384.37
249884.0741	3688384.294
249884.2492	3688384.234
249884.435	3688384.181
249884.6137	3688384.126
249884.7893	3688384.051
249884.9707	3688383.982
249885.1478	3688383.914
249885.3265	3688383.846
249885.5071	3688383.789
249885.6987	3688383.745
249885.8873	3688383.694
249886.0801	3688383.657
249886.2782	3688383.652
249886.4738	3688383.664
249886.6691	3688383.675
249886.8628	3688383.718
249887.0505	3688383.769
249887.2382	3688383.816
249887.4281	3688383.863
249887.6113	3688383.906
249887.8051	3688383.949
249887.9911	3688383.988
249888.1814	3688384.028
249888.37	3688384.071
249888.5583	3688384.112
249888.7432	3688384.151
249888.9254	3688384.19
249889.1206	3688384.231
249889.3099	3688384.256
249889.5	3688384.298
249889.6908	3688384.315
249889.881	3688384.339
249890.0694	3688384.376
249890.2658	3688384.402
249890.4544	3688384.442
249890.6475	3688384.485
249890.8353	3688384.526
249891.02	3688384.559
249891.2135	3688384.585
249891.4035	3688384.608
249891.5969	3688384.651
249891.784	3688384.68
249891.9715	3688384.697
249892.1593	3688384.707
249892.3523	3688384.717
249892.5463	3688384.727
249892.746	3688384.725
249892.9436	3688384.712
249893.1306	3688384.684
249893.3228	3688384.651
249893.515	3688384.63
249893.7078	3688384.594
249893.891	3688384.562
249894.0735	3688384.528
249894.2646	3688384.482
249894.4476	3688384.419
249894.6396	3688384.365
249894.8242	3688384.297
249894.997	3688384.211
249895.166	3688384.127
249895.3388	3688384.044
249895.5121	3688383.95
249895.6912	3688383.862
249895.8655	3688383.774
249896.0399	3688383.691
249896.2067	3688383.608
249896.3736	3688383.51
249896.5427	3688383.411
249896.7166	3688383.33
249896.8885	3688383.237
249897.055	3688383.154
249897.2264	3688383.067
249897.3857	3688382.956
249897.5521	3688382.866
249897.7188	3688382.777
249897.8851	3688382.683
249898.0621	3688382.591
249898.2442	3688382.511
249898.4232	3688382.443
249898.6133	3688382.389
249898.797	3688382.316
249898.9815	3688382.278
249899.1698	3688382.216
249899.3551	3688382.187
249899.5443	3688382.172
249899.7378	3688382.137
249899.9354	3688382.116
249900.1236	3688382.111
249900.3206	3688382.118
249900.5197	3688382.128
249900.7172	3688382.139
249900.9073	3688382.149
249901.1056	3688382.159
249901.2935	3688382.185
249901.4869	3688382.215
249901.6767	3688382.257
249901.8659	3688382.304
249902.0548	3688382.35
249902.2437	3688382.406
249902.433	3688382.47
249902.6135	3688382.534
249902.7971	3688382.606
249902.975	3688382.677
249903.1583	3688382.736
249903.3481	3688382.795
249903.5208	3688382.856
249903.7006	3688382.922
249903.8902	3688382.977
249904.0649	3688383.046
249904.2414	3688383.105
249904.4225	3688383.172
249904.6032	3688383.247
249904.7829	3688383.315
249904.9722	3688383.374
249905.1582	3688383.417
249905.3375	3688383.47
249905.5177	3688383.524
249905.6998	3688383.566
249905.888	3688383.593
249906.0735	3688383.657
249906.2587	3688383.725
249906.4449	3688383.784
249906.6398	3688383.827
249906.8325	3688383.87
249907.0177	3688383.925
249907.2019	3688383.993
249907.3741	3688384.06
249907.5546	3688384.135
249907.7324	3688384.213
249907.896	3688384.292
249908.0596	3688384.378
249908.2315	3688384.475
249908.3998	3688384.557
249908.5625	3688384.653
249908.7248	3688384.768
249908.8817	3688384.886
249909.0352	3688385.013
249909.1922	3688385.118
249909.3381	3688385.249
249909.475	3688385.389
249909.6122	3688385.528
249909.745	3688385.664
249909.8787	3688385.801
249910.0002	3688385.957
249910.1113	3688386.109
249910.2249	3688386.272
249910.3607	3688386.417
249910.4995	3688386.559
249910.6064	3688386.719
249910.7118	3688386.888
249910.8004	3688387.053
249910.8812	3688387.215
249910.9634	3688387.389
249911.0285	3688387.567
249911.0886	3688387.746
249911.1462	3688387.934
249911.1853	3688388.123
249911.2238	3688388.309
249911.2598	3688388.498
249911.288	3688388.691
249911.2945	3688388.88
249911.2995	3688389.073
249911.306	3688389.266
249911.3229	3688389.463
249911.3218	3688389.658
249911.3195	3688389.847
249911.3244	3688390.04
249911.348	3688390.222
249911.3752	3688390.415
249911.402	3688390.604
249911.4175	3688390.794
249911.4384	3688390.975
249911.4653	3688391.168
249911.4932	3688391.358
249911.5196	3688391.547
249911.5432	3688391.744
249911.561	3688391.942
249911.5991	3688392.126
249911.6306	3688392.321
249911.6565	3688392.509
249911.6838	3688392.706
249911.7097	3688392.894
249911.7319	3688393.077
249911.748	3688393.273
249911.773	3688393.456
249911.8001	3688393.641
249911.8306	3688393.832
249911.8816	3688394.015
249911.9139	3688394.201
249911.9379	3688394.388
249911.9652	3688394.586
249912.003	3688394.782
249912.0413	3688394.973
249912.079	3688395.166
249912.117	3688395.35
249912.1591	3688395.545
249912.2058	3688395.733
249912.2571	3688395.926
249912.2896	3688396.121
249912.3219	3688396.316
249912.3662	3688396.509
249912.4119	3688396.702
249912.458	3688396.896
249912.4994	3688397.076
249912.5425	3688397.269
249912.5876	3688397.46
249912.6296	3688397.65
249912.6812	3688397.831
249912.7286	3688398.012
249912.7649	3688398.204
249912.7836	3688398.402
249912.8296	3688398.596
249912.8702	3688398.779
249912.9116	3688398.959
249912.9493	3688399.139
249912.9789	3688399.33
249913.0088	3688399.522
249913.0389	3688399.705
249913.0706	3688399.895
249913.1021	3688400.085
249913.1339	3688400.276
249913.1647	3688400.463
249913.1948	3688400.657
249913.2256	3688400.843
249913.2551	3688401.029
249913.2895	3688401.218
249913.3304	3688401.411
249913.3636	3688401.605
249913.4255	3688401.791
249913.4836	3688401.979
249913.5323	3688402.171
249913.5856	3688402.361
249913.6377	3688402.55
249913.6868	3688402.736
249913.7486	3688402.917
249913.8195	3688403.104
249913.9043	3688403.278
249913.9852	3688403.454
249914.07	3688403.633
249914.1605	3688403.806
249914.2591	3688403.979
249914.3557	3688404.147
249914.4605	3688404.309
249914.5707	3688404.463
249914.6848	3688404.612
249914.8092	3688404.768
249914.9252	3688404.919
249915.0328	3688405.085
249915.1466	3688405.246
249915.2524	3688405.407
249915.3635	3688405.569
249915.4742	3688405.725
249915.5898	3688405.882
249915.7091	3688406.036
249915.8139	3688406.198
249915.9221	3688406.365
249916.033	3688406.514
249916.1472	3688406.663
249916.2613	3688406.827
249916.3598	3688407.0
249916.4694	3688407.154
249916.5857	3688407.315
249916.7019	3688407.477
249916.8125	3688407.633
249916.928	3688407.785
249917.0553	3688407.932
249917.1791	3688408.087
249917.3074	3688408.232
249917.4363	3688408.378
249917.5688	3688408.528
249917.6949	3688408.664
249917.8321	3688408.804
249917.97	3688408.945
249918.1057	3688409.083
249918.23	3688409.233
249918.3492	3688409.382
249918.472	3688409.526
249918.6117	3688409.669
249918.752	3688409.799
249918.8953	3688409.931
249919.0264	3688410.068
249919.1495	3688410.212
249919.2703	3688410.363
249919.393	3688410.517
249919.5183	3688410.655
249919.6241	3688410.808
249919.7283	3688410.974
249919.8505	3688411.123
249919.986	3688411.261
249920.1107	3688411.416
249920.2269	3688411.562
249920.3434	3688411.709
249920.4689	3688411.86
249920.598	3688412.012
249920.718	3688412.164
249920.8386	3688412.317
249920.9622	3688412.472
249921.0936	3688412.62
249921.2259	3688412.77
249921.3579	3688412.919
249921.4957	3688413.053
249921.6335	3688413.18
249921.7743	3688413.311
249921.9195	3688413.444
249922.0862	3688413.553
249922.2451	3688413.671
249922.4045	3688413.785
249922.5615	3688413.891
249922.7189	3688413.993
249922.8894	3688414.097
249923.0567	3688414.191
249923.2223	3688414.29
249923.3902	3688414.387
249923.5588	3688414.485
249923.7237	3688414.581
249923.8991	3688414.672
249924.073	3688414.762
249924.2441	3688414.857
249924.4197	3688414.949
249924.5958	3688415.04
249924.7624	3688415.124
249924.9403	3688415.21
249925.117	3688415.301
249925.291	3688415.391
249925.4585	3688415.478
249925.6263	3688415.569
249925.8007	3688415.659
249925.9747	3688415.741
249926.1506	3688415.815
249926.3267	3688415.885
249926.501	3688415.961
249926.6824	3688416.021
249926.8742	3688416.07
249927.0631	3688416.13
249927.2525	3688416.189
249927.4388	3688416.229
249927.6182	3688416.28
249927.806	3688416.33
249927.9993	3688416.373
249928.1888	3688416.416
249928.3781	3688416.475
249928.5641	3688416.517
249928.7434	3688416.57
249928.925	3688416.614
249929.1115	3688416.66
249929.3016	3688416.717
249929.4964	3688416.759
249929.6781	3688416.815
249929.8636	3688416.858
249930.048	3688416.897
249930.2335	3688416.937
249930.421	3688416.981
249930.6072	3688417.039
249930.7904	3688417.096
249930.9799	3688417.144
249931.1748	3688417.186
249931.361	3688417.226
249931.5553	3688417.267
249931.7477	3688417.311
249931.9411	3688417.352
249932.1352	3688417.395
249932.3153	3688417.443
249932.4977	3688417.492
249932.6911	3688417.539
249932.8803	3688417.598
249933.0633	3688417.66
249933.2411	3688417.712
249933.4197	3688417.768
249933.6119	3688417.821
249933.8019	3688417.866
249933.9915	3688417.921
249934.1775	3688417.963
249934.367	3688418.004
249934.5451	3688418.06
249934.7236	3688418.124
249934.9105	3688418.177
249935.0983	3688418.217
249935.2795	3688418.258
249935.4677	3688418.301
249935.6613	3688418.336
249935.8463	3688418.361
249936.0419	3688418.386
249936.2401	3688418.381
249936.4385	3688418.391
249936.6222	3688418.378
249936.8114	3688418.366
249936.9988	3688418.361
249937.1984	3688418.356
249937.3962	3688418.351
249937.586	3688418.346
249937.7748	3688418.341
249937.9597	3688418.331
249938.1539	3688418.309
249938.3417	3688418.274
249938.5358	3688418.252
249938.7276	3688418.231
249938.9206	3688418.202
249939.105	3688418.172
249939.2992	3688418.15
249939.487	3688418.115
249939.6829	3688418.092
249939.8668	3688418.072
249940.0497	3688418.053
249940.2365	3688418.03
249940.4284	3688417.995
249940.6216	3688417.974
249940.8114	3688417.942
249940.9946	3688417.917
249941.1832	3688417.892
249941.3793	3688417.859
249941.5767	3688417.838
249941.7706	3688417.804
249941.9549	3688417.77
249942.1379	3688417.736
249942.3276	3688417.7
249942.5204	3688417.665
249942.7126	3688417.644
249942.9048	3688417.61
249943.099	3688417.564
249943.2818	3688417.521
249943.4714	3688417.483
249943.6638	3688417.432
249943.8556	3688417.396
249944.0422	3688417.362
249944.2246	3688417.321
249944.4108	3688417.271
249944.6014	3688417.221
249944.7971	3688417.18
249944.9872	3688417.137
249945.1781	3688417.095
249945.3726	3688417.067
249945.5594	3688417.011
249945.7497	3688416.974
249945.942	3688416.938
249946.1261	3688416.894
249946.3188	3688416.845
249946.5088	3688416.799
249946.6939	3688416.734
249946.8832	3688416.682
249947.0584	3688416.625
249947.2465	3688416.558
249947.4284	3688416.49
249947.6044	3688416.415
249947.7949	3688416.36
249947.9613	3688416.269
249948.1356	3688416.193
249948.3046	3688416.124
249948.4868	3688416.046
249948.662	3688415.974
249948.8363	3688415.905
249949.0146	3688415.85
249949.1859	3688415.79
249949.3494	3688415.717
249949.5247	3688415.637
249949.699	3688415.555
249949.8689	3688415.472
249950.0401	3688415.388
249950.2136	3688415.305
249950.3772	3688415.219
249950.5464	3688415.127
249950.7219	3688415.032
249950.8938	3688414.939
249951.0542	3688414.85
249951.2202	3688414.752
249951.3864	3688414.648
249951.5486	3688414.553
249951.7171	3688414.453
249951.8833	3688414.36
249952.0591	3688414.271
249952.2255	3688414.18
249952.3844	3688414.084
249952.5484	3688413.98
249952.713	3688413.876
249952.8707	3688413.764
249953.0302	3688413.654
249953.1894	3688413.544
249953.3399	3688413.423
249953.4879	3688413.297
249953.643	3688413.177
249953.8106	3688413.071
249953.9683	3688412.959
249954.1215	3688412.841
249954.271	3688412.721
249954.4215	3688412.599
249954.5626	3688412.485
249954.7095	3688412.369
249954.86	3688412.255
249955.0112	3688412.132
249955.158	3688412.012
249955.3083	3688411.901
249955.4556	3688411.789
249955.6129	3688411.665
249955.749	3688411.55
249955.8918	3688411.426
249956.0329	3688411.296
249956.1757	3688411.16
249956.3175	3688411.02
249956.4533	3688410.879
249956.5844	3688410.733
249956.7174	3688410.584
249956.8529	3688410.442
249956.9821	3688410.305
249957.1184	3688410.162
249957.251	3688410.023
249957.3865	3688409.881
249957.5194	3688409.732
249957.6504	3688409.582
249957.7799	3688409.433
249957.9068	3688409.287
249958.0307	3688409.138
249958.1468	3688408.99
249958.2634	3688408.83
249958.3848	3688408.674
249958.5045	3688408.524
249958.6281	3688408.368
249958.7379	3688408.203
249958.846	3688408.039
249958.9558	3688407.874
249959.0614	3688407.714
249959.1556	3688407.541
249959.2529	3688407.379
249959.3563	3688407.22
249959.4584	3688407.048
249959.5574	3688406.885
249959.6531	3688406.723
249959.7475	3688406.551
249959.8401	3688406.376
249959.925	3688406.207
249960.0078	3688406.036
249960.0912	3688405.864
249960.1824	3688405.7
249960.2869	3688405.532
249960.3855	3688405.373
249960.4869	3688405.207
249960.5926	3688405.048
249960.6881	3688404.89
249960.7892	3688404.722
249960.8929	3688404.551
249960.9848	3688404.376
249961.0798	3688404.201
249961.1725	3688404.029
249961.2637	3688403.856
249961.3592	3688403.682
249961.4463	3688403.523
249961.5385	3688403.353
249961.6288	3688403.182
249961.709	3688403.019
249961.7984	3688402.843
249961.8938	3688402.669
249961.9874	3688402.498
249962.0713	3688402.33
249962.1484	3688402.159
249962.2215	3688401.985
249962.2825	3688401.811
249962.3492	3688401.626
249962.4258	3688401.445
249962.494	3688401.27
249962.5613	3688401.089
249962.6265	3688400.907
249962.6927	3688400.722
249962.7534	3688400.541
249962.8155	3688400.353
249962.8779	3688400.164
249962.9312	3688399.983
249962.9833	3688399.795
249963.0428	3688399.611
249963.1192	3688399.429
249963.1713	3688399.238
249963.2226	3688399.049
249963.2747	3688398.857
249963.3248	3688398.673
249963.384	3688398.49
249963.4362	3688398.309
249963.4807	3688398.12
249963.5308	3688397.936
249963.5746	3688397.745
249963.6186	3688397.552
249963.6669	3688397.36
249963.7082	3688397.169
249963.7539	3688396.974
249963.8019	3688396.78
249963.8411	3688396.596
249963.8702	3688396.407
249963.8948	3688396.221
249963.9227	3688396.024
249963.9519	3688395.83
249963.9806	3688395.637
249964.0076	3688395.446
249964.0472	3688395.255
249964.0809	3688395.068
249964.1087	3688394.876
249964.1286	3688394.683
249964.1627	3688394.49
249964.1879	3688394.296
249964.2149	3688394.111
249964.2431	3688393.924
249964.2657	3688393.735
249964.2939	3688393.551
249964.3148	3688393.36
249964.3283	3688393.168
249964.3343	3688392.969
249964.3192	3688392.775
249964.303	3688392.576
249964.2885	3688392.382
249964.2835	3688392.186
249964.2702	3688391.993
249964.2528	3688391.795
249964.2328	3688391.598
249964.203	3688391.406
249964.1848	3688391.215
249964.1663	3688391.019
249964.1481	3688390.829
249964.1347	3688390.632
249964.1319	3688390.436
249964.1394	3688390.243
249964.1353	3688390.052
249964.1223	3688389.869
249964.1062	3688389.682
249964.0892	3688389.485
249964.0724	3688389.298
249964.0562	3688389.112
249964.0338	3688388.915
249964.0033	3688388.719
249963.9735	3688388.527
249963.9554	3688388.336
249963.9298	3688388.145
249963.9056	3688387.962
249963.8869	3688387.765
249963.8686	3688387.567
249963.8363	3688387.373
249963.8076	3688387.19
249963.7842	3688386.994
249963.7597	3688386.796
249963.7298	3688386.607
249963.6983	3688386.417
249963.6684	3688386.225
249963.6383	3688386.041
249963.6066	3688385.851
249963.5724	3688385.671
249963.5318	3688385.487
249963.4891	3688385.293
249963.4568	3688385.107
249963.4062	3688384.916
249963.348	3688384.727
249963.294	3688384.547
249963.2367	3688384.357
249963.1496	3688384.18
249963.0807	3688384.002
249963.0251	3688383.821
249962.9613	3688383.639
249962.8827	3688383.46
249962.8118	3688383.273
249962.7363	3688383.089
249962.6552	3688382.908
249962.5793	3688382.729
249962.5017	3688382.563
249962.4128	3688382.387
249962.3302	3688382.206
249962.2226	3688382.039
249962.1167	3688381.876
249962.0146	3688381.718
249961.9135	3688381.551
249961.8217	3688381.388
249961.7151	3688381.223
249961.6204	3688381.056
249961.5167	3688380.892
