316705.9210	4158123.7510
316705.9065	4158123.5540
316705.8959	4158123.3677
316705.8867	4158123.1697
316705.8786	4158122.9716
316705.8753	4158122.7759
316705.8663	4158122.5803
316705.8574	4158122.3829
316705.8581	4158122.1921
316705.8586	4158121.9971
316705.8587	4158121.8032
316705.8616	4158121.6103
316705.8594	4158121.4184
316705.8642	4158121.2187
316705.8738	4158121.0314
316705.8871	4158120.8425
316705.9062	4158120.6474
316705.9289	4158120.4508
316705.9400	4158120.2519
316705.9825	4158120.0597
316706.0256	4158119.8723
316706.0667	4158119.6894
316706.1138	4158119.5031
316706.1769	4158119.3143
316706.2406	4158119.1247
316706.3031	4158118.9369
316706.3755	4158118.7524
316706.4477	4158118.5714
316706.5194	4158118.3915
316706.5864	4158118.2037
316706.6545	4158118.0195
316706.7235	4158117.8451
316706.7919	4158117.6715
316706.8637	4158117.4860
316706.9155	4158117.2996
316706.9834	4158117.1193
316707.0751	4158116.9461
316707.1547	4158116.7779
316707.2116	4158116.6004
316707.2836	4158116.4172
316707.3540	4158116.2370
316707.4171	4158116.0584
316707.4702	4158115.8764
316707.5129	4158115.6863
316707.5553	4158115.4998
316707.6093	4158115.3073
316707.6726	4158115.1290
316707.7420	4158114.9512
316707.8098	4158114.7686
316707.8615	4158114.5821
316707.9146	4158114.3921
316707.9673	4158114.2033
316708.0220	4158114.0261
316708.0856	4158113.8364
316708.1476	4158113.6517
316708.2091	4158113.4681
316708.2814	4158113.2834
316708.3450	4158113.0997
316708.4189	4158112.9236
316708.4987	4158112.7499
316708.5809	4158112.5682
316708.6622	4158112.3870
316708.7408	4158112.2151
316708.8413	4158112.0433
316708.9263	4158111.8625
316708.9983	4158111.6891
316709.0719	4158111.5185
316709.1624	4158111.3413
316709.2503	4158111.1696
316709.3240	4158110.9893
316709.4022	4158110.8106
316709.4819	4158110.6368
316709.5667	4158110.4596
316709.6532	4158110.2874
316709.7357	4158110.1084
316709.8257	4158109.9322
316709.8984	4158109.7562
316709.9713	4158109.5705
316710.0433	4158109.3972
316710.1216	4158109.2248
316710.2095	4158109.0530
316710.3067	4158108.8853
316710.4072	4158108.7134
316710.5118	4158108.5486
316710.6244	4158108.3856
316710.7364	4158108.2276
316710.8447	4158108.0671
316710.9712	4158107.9122
316711.0970	4158107.7682
316711.2335	4158107.6327
316711.3712	4158107.4931
316711.5091	4158107.3519
316711.6510	4158107.2137
316711.7848	4158107.0694
316711.9149	4158106.9228
316712.0663	4158106.7971
316712.2130	4158106.6651
316712.3595	4158106.5408
316712.5058	4158106.4223
316712.6515	4158106.3026
316712.8044	4158106.1796
316712.9510	4158106.0594
316713.1005	4158105.9363
316713.2493	4158105.8141
316713.3980	4158105.6916
316713.5414	4158105.5740
316713.6927	4158105.4522
316713.8433	4158105.3310
316713.9804	4158105.2084
316714.1156	4158105.0825
316714.2538	4158104.9559
316714.3988	4158104.8190
316714.5609	4158104.7038
316714.7090	4158104.5764
316714.8421	4158104.4448
316714.9730	4158104.3097
316715.1166	4158104.1783
316715.2594	4158104.0437
316715.4050	4158103.9099
316715.5402	4158103.7840
316715.6852	4158103.6471
316715.8294	4158103.5110
316715.9744	4158103.3762
316716.1272	4158103.2507
316716.2798	4158103.1251
316716.4213	4158102.9841
316716.5607	4158102.8497
316716.7086	4158102.7157
316716.8489	4158102.5908
316716.9972	4158102.4617
316717.1435	4158102.3330
316717.2943	4158102.2023
316717.4521	4158102.0796
316717.6021	4158101.9653
316717.7470	4158101.8444
316717.8800	4158101.7087
316718.0302	4158101.5868
316718.1768	4158101.4708
316718.3228	4158101.3577
316718.4845	4158101.2457
316718.6319	4158101.1350
316718.7817	4158101.0186
316718.9387	4158100.8964
316719.0886	4158100.7800
316719.2417	4158100.6552
316719.3820	4158100.5302
316719.5446	4158100.4158
316719.7034	4158100.2969
316719.8538	4158100.1795
316720.0044	4158100.0603
316720.1581	4158099.9405
316720.3044	4158099.8319
316720.4612	4158099.7235
316720.6115	4158099.6058
316720.7650	4158099.4858
316720.9109	4158099.3743
316721.0756	4158099.2736
316721.2404	4158099.1811
316721.4098	4158099.0845
316721.5720	4158098.9714
316721.7359	4158098.8693
316721.9005	4158098.7684
316722.0609	4158098.6683
316722.2140	4158098.5474
316722.3597	4158098.4217
316722.5015	4158098.2954
316722.6456	4158098.1670
316722.7796	4158098.0231
316722.9046	4158097.8816
316723.0262	4158097.7362
316723.1358	4158097.5780
316723.2357	4158097.4270
316723.3343	4158097.2678
316723.4279	4158097.0920
316723.5130	4158096.9194
316723.5666	4158096.7282
316723.6243	4158096.5381
316723.7087	4158096.3582
316723.7847	4158096.1860
316723.8591	4158096.0028
316723.9109	4158095.8185
316723.9623	4158095.6355
316724.0140	4158095.4472
316724.0668	4158095.2586
316724.1073	4158095.0668
316724.1198	4158094.8783
316724.1530	4158094.6819
316724.1768	4158094.4870
316724.1952	4158094.2889
316724.1970	4158094.1000
316724.1838	4158093.9133
316724.1819	4158093.7159
316724.1746	4158093.5312
316724.1612	4158093.3501
316724.1398	4158093.1571
316724.1145	4158092.9633
316724.0865	4158092.7806
316724.0533	4158092.5871
316724.0083	4158092.3992
316723.9492	4158092.2108
316723.8890	4158092.0205
316723.8470	4158091.8298
316723.8133	4158091.6354
316723.7759	4158091.4428
316723.7052	4158091.2663
316723.6505	4158091.0876
316723.6072	4158090.9045
316723.5635	4158090.7227
316723.5077	4158090.5401
316723.4641	4158090.3467
316723.4332	4158090.1571
316723.4078	4158089.9631
316723.3753	4158089.7728
316723.3381	4158089.5904
316723.3105	4158089.4046
316723.2633	4158089.2129
316723.2306	4158089.0242
316723.1971	4158088.8441
316723.1533	4158088.6503
316723.1127	4158088.4620
316723.0852	4158088.2725
316723.0558	4158088.0775
316723.0210	4158087.8891
316722.9818	4158087.6932
316722.9358	4158087.5016
316722.8812	4158087.3150
316722.8273	4158087.1277
316722.7688	4158086.9423
316722.6980	4158086.7598
316722.6266	4158086.5841
316722.5361	4158086.4073
316722.4497	4158086.2377
316722.3605	4158086.0612
316722.2696	4158085.8837
316722.1772	4158085.7096
316722.0788	4158085.5492
316721.9618	4158085.3885
316721.8347	4158085.2384
316721.7271	4158085.0821
316721.6093	4158084.9361
316721.4615	4158084.8040
316721.3363	4158084.6633
316721.1813	4158084.5407
316721.0395	4158084.4030
316720.8911	4158084.2820
316720.7307	4158084.1643
316720.5626	4158084.0570
316720.3980	4158083.9600
316720.2376	4158083.8602
316720.0764	4158083.7610
316719.9007	4158083.6786
316719.7396	4158083.5737
316719.5845	4158083.4710
316719.4180	4158083.3686
316719.2609	4158083.2585
316719.0906	4158083.1615
316718.9223	4158083.0660
316718.7670	4158082.9630
316718.6079	4158082.8535
316718.4446	4158082.7466
316718.2788	4158082.6355
316718.1108	4158082.5324
316717.9525	4158082.4242
316717.7952	4158082.3199
316717.6343	4158082.2132
316717.4832	4158082.0874
316717.3404	4158081.9481
316717.1943	4158081.8211
316717.0589	4158081.6786
316716.9383	4158081.5375
316716.8189	4158081.3949
316716.6914	4158081.2459
316716.5771	4158081.0900
316716.4524	4158080.9400
316716.3346	4158080.7921
316716.2246	4158080.6274
316716.1230	4158080.4555
316716.0347	4158080.2825
316715.9468	4158080.1104
316715.8616	4158079.9427
316715.7826	4158079.7718
316715.7141	4158079.5953
316715.6547	4158079.4063
316715.5796	4158079.2303
316715.5054	4158079.0497
316715.4416	4158078.8732
316715.3832	4158078.6901
316715.3239	4158078.5014
316715.2642	4158078.3180
316715.1885	4158078.1349
316715.1264	4158077.9533
316715.0521	4158077.7766
316714.9714	4158077.6028
316714.9127	4158077.4172
316714.8397	4158077.2408
316714.7776	4158077.0512
316714.7203	4158076.8739
316714.6616	4158076.6943
316714.6030	4158076.5107
316714.5459	4158076.3259
316714.4854	4158076.1411
316714.4262	4158075.9605
316714.3665	4158075.7712
316714.3122	4158075.5910
316714.2579	4158075.4031
316714.2048	4158075.2170
316714.1551	4158075.0289
316714.0955	4158074.8397
316714.0073	4158074.6651
316713.9199	4158074.4897
316713.8166	4158074.3206
316713.6881	4158074.1721
316713.5496	4158074.0343
316713.4157	4158073.8904
316713.2761	4158073.7625
316713.1278	4158073.6417
316712.9804	4158073.5223
316712.8299	4158073.3997
316712.6772	4158073.2852
316712.5402	4158073.1579
316712.4014	4158073.0235
316712.2619	4158072.9019
316712.1081	4158072.7874
316711.9526	4158072.6762
316711.8037	4158072.5543
316711.6508	4158072.4274
316711.5084	4158072.3067
316711.3649	4158072.1783
316711.2257	4158072.0451
316711.0762	4158071.9201
316710.9454	4158071.7737
316710.8153	4158071.6362
316710.6849	4158071.5065
316710.5423	4158071.3675
316710.4035	4158071.2271
316710.2618	4158071.0896
316710.1302	4158070.9416
316709.9926	4158070.8033
316709.8581	4158070.6564
316709.7381	4158070.5145
316709.6172	4158070.3651
316709.5160	4158070.1999
316709.4026	4158070.0434
316709.2871	4158069.8834
316709.1821	4158069.7255
316709.0798	4158069.5584
316708.9806	4158069.3966
316708.8820	4158069.2356
316708.7809	4158069.0706
316708.6778	4158068.9019
316708.5758	4158068.7494
316708.4685	4158068.5954
316708.3643	4158068.4251
316708.2611	4158068.2563
316708.1458	4158068.0965
316708.0431	4158067.9367
316707.9368	4158067.7826
316707.8264	4158067.6314
316707.7104	4158067.4724
316707.5948	4158067.3122
316707.4779	4158067.1518
316707.3635	4158066.9936
316707.2582	4158066.8312
316707.1663	4158066.6720
316707.0770	4158066.4994
316706.9852	4158066.3243
316706.8897	4158066.1589
316706.7953	4158065.9895
316706.7155	4158065.8073
316706.6379	4158065.6288
316706.5677	4158065.4493
316706.5017	4158065.2709
316706.4208	4158065.0888
316706.3462	4158064.9135
316706.2764	4158064.7407
316706.2150	4158064.5663
316706.1483	4158064.3808
316706.0847	4158064.1926
316706.0296	4158064.0091
316705.9845	4158063.8271
316705.9204	4158063.6402
316705.8685	4158063.4582
316705.8161	4158063.2795
316705.7556	4158063.1027
316705.7120	4158062.9090
316705.6617	4158062.7280
316705.6092	4158062.5370
316705.5824	4158062.3507
316705.5212	4158062.1727
316705.4969	4158061.9785
316705.4692	4158061.7846
316705.4418	4158061.5931
316705.4180	4158061.4018
316705.4019	4158061.2060
316705.3861	4158061.0126
316705.3698	4158060.8225
316705.3640	4158060.6303
316705.3406	4158060.4418
316705.3069	4158060.2454
316705.2369	4158060.0582
316705.1332	4158059.8906
316705.0307	4158059.7231
316704.9293	4158059.5574
316704.8182	4158059.4030
316704.6926	4158059.2614
316704.5508	4158059.1298
316704.4208	4158058.9908
316704.2737	4158058.8759
316704.1077	4158058.7744
316703.9414	4158058.6844
316703.7672	4158058.6087
316703.5843	4158058.5498
316703.3928	4158058.5001
316703.1992	4158058.4568
316703.0100	4158058.4271
316702.8126	4158058.4132
316702.6185	4158058.4129
316702.4258	4158058.4473
316702.2304	4158058.4849
316702.0384	4158058.5322
316701.8469	4158058.5825
316701.6707	4158058.6614
316701.4980	4158058.7522
316701.3250	4158058.8486
316701.1663	4158058.9556
316701.0052	4158059.0707
316700.9418	4158059.0990
316700.8986	4158059.1741
316700.7317	4158059.2810
316700.5721	4158059.4006
316700.4134	4158059.5076
316700.2468	4158059.6131
316700.0933	4158059.7213
316699.9246	4158059.8250
316699.7638	4158059.9345
316699.5988	4158060.0427
316699.4282	4158060.1412
316699.2527	4158060.2312
316699.0756	4158060.3105
316698.8922	4158060.3769
316698.7105	4158060.4221
316698.5202	4158060.4605
316698.3356	4158060.4948
316698.1442	4158060.5193
316697.9465	4158060.5088
316697.7476	4158060.4984
316697.5536	4158060.4743
316697.3691	4158060.4368
316697.1762	4158060.3907
316696.9825	4158060.3512
316696.7913	4158060.3119
316696.6058	4158060.2568
316696.4240	4158060.2138
316696.2327	4158060.1604
316696.0512	4158060.0920
316695.8638	4158060.0215
316695.6769	4158059.9617
316695.4974	4158059.8748
316695.3363	4158059.7778
316695.1690	4158059.6800
316695.0086	4158059.5662
316694.8611	4158059.4488
316694.7053	4158059.3350
316694.5683	4158059.1976
316694.4332	4158059.0656
316694.2939	4158058.9303
316694.1688	4158058.7877
316694.0623	4158058.6292
316693.9628	4158058.4569
316693.8750	4158058.2827
316693.7875	4158058.1092
316693.7124	4158057.9292
316693.6400	4158057.7538
316693.5816	4158057.5747
316693.5344	4158057.3909
316693.4817	4158057.2075
316693.4342	4158057.0154
316693.4209	4158056.8223
316693.4026	4158056.6286
316693.3981	4158056.4368
316693.4066	4158056.2376
316693.4139	4158056.0421
316693.4373	4158055.8527
316693.4570	4158055.6569
316693.4955	4158055.4695
316693.5456	4158055.2762
316693.6006	4158055.0935
316693.6666	4158054.9159
316693.7471	4158054.7353
316693.8178	4158054.5558
316693.9258	4158054.3947
316694.0281	4158054.2240
316694.1287	4158054.0662
316694.2293	4158053.9125
316694.3340	4158053.7519
316694.4529	4158053.5958
316694.5701	4158053.4348
316694.6854	4158053.2865
316694.8182	4158053.1385
316694.9641	4158053.0052
316695.1129	4158052.8828
316695.2642	4158052.7610
316695.4260	4158052.6433
316695.5785	4158052.5355
316695.7361	4158052.4423
316695.9186	4158052.3624
316696.0947	4158052.2835
316696.2795	4158052.2175
316696.4652	4158052.1731
316696.6459	4158052.1342
316696.8364	4158052.0901
316697.0227	4158052.0468
316697.2073	4158052.0186
316697.4062	4158051.9991
316697.5972	4158051.9859
316697.7927	4158051.9824
316697.9782	4158051.9837
316698.1743	4158051.9795
316698.3660	4158051.9875
316698.5608	4158052.0069
316698.7425	4158052.0516
316698.9267	4158052.0967
316699.1175	4158052.1391
316699.3108	4158052.1760
316699.5009	4158052.2212
316699.6871	4158052.2796
316699.8666	4158052.3386
316700.0583	4158052.3886
316700.2418	4158052.4465
316700.4247	4158052.5172
316700.6128	4158052.5791
316700.7900	4158052.6660
316700.9531	4158052.7525
316701.1304	4158052.8415
316701.3035	4158052.9394
316701.4731	4158053.0351
316701.6397	4158053.1437
316701.7940	4158053.2530
316701.9586	4158053.3519
316702.1216	4158053.4544
316702.2885	4158053.5635
316702.4532	4158053.6707
316702.6231	4158053.7750
316702.7874	4158053.8756
316702.9471	4158053.9741
316703.0986	4158054.0886
316703.2432	4158054.2190
316703.3985	4158054.3300
316703.5635	4158054.4337
316703.7162	4158054.5583
316703.8759	4158054.6710
316704.0345	4158054.7776
316704.1885	4158054.8823
316704.3406	4158054.9938
316704.4924	4158055.1127
316704.6589	4158055.2151
316704.8252	4158055.3251
316704.9851	4158055.4321
316705.1472	4158055.5449
316705.3041	4158055.6565
316705.4608	4158055.7680
316705.6163	4158055.8793
316705.7771	4158055.9938
316705.9247	4158056.1155
316706.0774	4158056.2381
316706.2295	4158056.3474
316706.3791	4158056.4726
316706.5335	4158056.5939
316706.6846	4158056.7137
316706.8205	4158056.8430
316706.9519	4158056.9807
316707.0673	4158057.1325
316707.1672	4158057.2995
316707.2567	4158057.4767
316707.3575	4158057.6433
316707.4459	4158057.8062
316707.5239	4158057.9734
316707.5925	4158058.1542
316707.6462	4158058.3333
316707.7008	4158058.5218
316707.7443	4158058.7152
316707.7908	4158058.9077
316707.8251	4158059.0930
316707.8561	4158059.2868
316707.8910	4158059.4772
316707.9501	4158059.6676
316707.9938	4158059.8592
316708.0250	4158060.0453
316708.0584	4158060.2351
316708.1025	4158060.4176
316708.1615	4158060.6078
316708.2209	4158060.7886
316708.2644	4158060.9820
316708.3204	4158061.1730
316708.3779	4158061.3586
316708.4345	4158061.5426
316708.4947	4158061.7309
316708.5540	4158061.9155
316708.6106	4158062.0976
316708.6578	4158062.2893
316708.7242	4158062.4684
316708.8043	4158062.6452
316708.8970	4158062.8137
316708.9941	4158062.9778
316709.0815	4158063.1512
316709.1693	4158063.3234
316709.2435	4158063.4939
316709.3171	4158063.6714
316709.3904	4158063.8462
316709.4663	4158064.0258
316709.5279	4158064.2145
316709.5978	4158064.3914
316709.6708	4158064.5719
316709.7458	4158064.7559
316709.8247	4158064.9386
316709.9127	4158065.1149
316710.0032	4158065.2916
316710.1062	4158065.4621
316710.2184	4158065.6144
316710.3115	4158065.7836
316710.4046	4158065.9510
316710.5027	4158066.1108
316710.6007	4158066.2706
316710.7048	4158066.4268
316710.8176	4158066.5782
316710.9390	4158066.7345
316711.0670	4158066.8843
316711.1912	4158067.0294
316711.3100	4158067.1871
316711.4425	4158067.3306
316711.5763	4158067.4784
316711.7048	4158067.6310
316711.8339	4158067.7786
316711.9756	4158067.9160
316712.1144	4158068.0564
316712.2373	4158068.1972
316712.3740	4158068.3360
316712.5209	4158068.4585
316712.6672	4158068.5798
316712.8080	4158068.7177
316712.9593	4158068.8338
316713.1058	4158068.9516
316713.2533	4158069.0690
316713.4116	4158069.1811
316713.5643	4158069.2957
316713.7181	4158069.4161
316713.8665	4158069.5390
316714.0248	4158069.6572
316714.1860	4158069.7685
316714.3402	4158069.8775
316714.5059	4158069.9826
316714.6637	4158070.0879
316714.8302	4158070.1863
316715.0025	4158070.2807
316715.1633	4158070.3873
316715.3369	4158070.4859
316715.5100	4158070.5837
316715.6800	4158070.6802
316715.8482	4158070.7796
316716.0176	4158070.8790
316716.1903	4158070.9540
316716.3699	4158071.0331
316716.5414	4158071.1062
316716.7217	4158071.1744
316716.9059	4158071.2215
316717.0915	4158071.2771
316717.2786	4158071.3290
316717.4680	4158071.3791
316717.6577	4158071.4176
316717.8504	4158071.4654
316718.0336	4158071.4928
316718.2259	4158071.5158
316718.4132	4158071.5382
316718.6106	4158071.5461
316718.7990	4158071.5545
316718.9985	4158071.5600
316719.1947	4158071.5439
316719.3930	4158071.5273
316719.5893	4158071.5113
316719.7774	4158071.4791
316719.9629	4158071.4444
316720.1532	4158071.4059
316720.3359	4158071.3665
316720.5287	4158071.3263
316720.7217	4158071.2966
316720.9101	4158071.2530
316721.1005	4158071.2168
316721.2967	4158071.1847
316721.4892	4158071.1500
316721.6738	4158071.1218
316721.8702	4158071.0979
316722.0680	4158071.0785
316722.2542	4158071.0650
316722.4528	4158071.0531
316722.6427	4158071.0439
316722.8402	4158071.0440
316723.0375	4158071.0437
316723.2244	4158071.0575
316723.4095	4158071.0660
316723.6011	4158071.0659
316723.7925	4158071.0655
316723.9898	4158071.0851
316724.1842	4158071.0879
316724.3766	4158071.1052
316724.5601	4158071.1330
316724.7509	4158071.1614
316724.9432	4158071.1904
316725.1342	4158071.2194
316725.3189	4158071.2553
316725.5058	4158071.2930
316725.6906	4158071.3291
316725.8851	4158071.3700
316726.0775	4158071.4191
316726.2651	4158071.4782
316726.4532	4158071.5380
316726.6344	4158071.5897
316726.8205	4158071.6441
316727.0113	4158071.7025
316727.1914	4158071.7565
316727.3672	4158071.8190
316727.5518	4158071.8927
316727.7296	4158071.9726
316727.9033	4158072.0535
316728.0766	4158072.1437
316728.2539	4158072.2289
316728.4293	4158072.3206
316728.6016	4158072.4111
316728.7642	4158072.5146
316728.9269	4158072.6284
316729.0732	4158072.7399
316729.2177	4158072.8601
316729.3644	4158072.9822
316729.5012	4158073.1191
316729.6341	4158073.2494
316729.7624	4158073.3877
316729.8817	4158073.5303
316730.0093	4158073.6793
316730.1379	4158073.8260
316730.2518	4158073.9772
316730.3671	4158074.1329
316730.4824	4158074.2867
316730.6035	4158074.4324
316730.7160	4158074.5833
316730.8214	4158074.7399
316730.9291	4158074.8965
316731.0312	4158075.0633
316731.1353	4158075.2335
316731.2247	4158075.4024
316731.3117	4158075.5730
316731.3898	4158075.7463
316731.4508	4158075.9300
316731.5239	4158076.1107
316731.5823	4158076.2958
316731.6397	4158076.4832
316731.6821	4158076.6726
316731.7117	4158076.8619
316731.7390	4158077.0592
316731.7442	4158077.2563
316731.7442	4158077.4443
316731.7246	4158077.6383
316731.7168	4158077.8347
316731.7078	4158078.0192
316731.6875	4158078.2099
316731.6591	4158078.4008
316731.6085	4158078.5832
316731.5646	4158078.7752
316731.5225	4158078.9622
316731.4647	4158079.1480
316731.3958	4158079.3267
316731.3253	4158079.5086
316731.2539	4158079.6909
316731.1908	4158079.8696
316731.1190	4158080.0554
316731.0346	4158080.2331
316730.9471	4158080.4016
316730.8483	4158080.5705
316730.7212	4158080.7143
316730.6142	4158080.8650
316730.4908	4158081.0173
316730.3619	4158081.1540
316730.2350	4158081.2961
316730.1019	4158081.4396
316729.9561	4158081.5731
316729.8007	4158081.6900
316729.6548	4158081.8153
316729.5279	4158081.9475
316729.3948	4158082.0909
316729.2419	4158082.2142
316729.0907	4158082.3361
316728.9359	4158082.4621
316728.7948	4158082.5818
316728.6400	4158082.6996
316728.4718	4158082.8042
316728.3194	4158082.9323
316728.1596	4158083.0515
316728.0097	4158083.1819
316727.8610	4158083.3143
316727.7207	4158083.4534
316727.5945	4158083.5987
316727.4932	4158083.7633
316727.4000	4158083.9378
316727.3349	4158084.1211
316727.2748	4158084.3010
316727.2197	4158084.4855
316727.1866	4158084.6763
316727.1794	4158084.8698
316727.1810	4158085.0646
316727.1766	4158085.2570
316727.1921	4158085.4478
316727.2145	4158085.6406
316727.2474	4158085.8255
316727.2875	4158086.0129
316727.3283	4158086.1956
316727.3753	4158086.3891
316727.4346	4158086.5717
316727.4915	4158086.7563
316727.5387	4158086.9501
316727.5829	4158087.1326
316727.6232	4158087.3203
316727.6517	4158087.5058
316727.6946	4158087.6961
316727.7360	4158087.8837
316727.7932	4158088.0709
316727.8490	4158088.2474
316727.9005	4158088.4387
316727.9623	4158088.6278
316728.0043	4158088.8165
316728.0637	4158089.0034
316728.1112	4158089.1957
316728.1486	4158089.3864
316728.1951	4158089.5731
316728.2482	4158089.7569
316728.3172	4158089.9445
316728.3783	4158090.1243
316728.4393	4158090.3140
316728.4988	4158090.5030
316728.5621	4158090.6926
316728.6351	4158090.8690
316728.7102	4158091.0512
316728.7839	4158091.2368
316728.8429	4158091.4210
316728.9000	4158091.6060
316728.9713	4158091.7915
316729.0574	4158091.9686
316729.1305	4158092.1412
316729.2016	4158092.3182
316729.2948	4158092.4838
316729.3797	4158092.6608
316729.4555	4158092.8300
316729.5434	4158093.0023
316729.6345	4158093.1800
316729.7257	4158093.3561
316729.8203	4158093.5199
316729.9191	4158093.6810
316730.0183	4158093.8428
316730.1215	4158094.0116
316730.2473	4158094.1655
316730.3676	4158094.3219
316730.4788	4158094.4725
316730.5980	4158094.6249
316730.7237	4158094.7687
316730.8659	4158094.9070
316730.9935	4158095.0559
316731.1342	4158095.1977
316731.2752	4158095.3238
316731.4175	4158095.4463
316731.5687	4158095.5762
316731.7084	4158095.7102
316731.8564	4158095.8385
316732.0019	4158095.9606
316732.1493	4158096.0799
316732.3069	4158096.2008
316732.4568	4158096.3085
316732.6272	4158096.4055
316732.7943	4158096.5111
316732.9649	4158096.6085
316733.1340	4158096.6995
316733.3072	4158096.7814
316733.4921	4158096.8557
316733.6791	4158096.9255
316733.8589	4158096.9950
316734.0448	4158097.0630
316734.2317	4158097.1267
316734.4168	4158097.1853
316734.6023	4158097.2447
316734.7876	4158097.3036
316734.9659	4158097.3584
316735.1518	4158097.4144
316735.3405	4158097.4611
316735.5290	4158097.4877
316735.7124	4158097.5073
316735.8982	4158097.5351
316736.0842	4158097.5632
316736.2689	4158097.5853
316736.4545	4158097.6068
316736.6404	4158097.6386
316736.8278	4158097.6653
316737.0208	4158097.6796
316737.2200	4158097.6866
316737.4141	4158097.7028
316737.6088	4158097.7319
316737.8057	4158097.7610
316738.0015	4158097.7802
316738.1885	4158097.8161
316738.3774	4158097.8692
316738.5687	4158097.9187
316738.7598	4158097.9655
316738.9445	4158098.0215
316739.1298	4158098.0804
316739.3125	4158098.1409
316739.4959	4158098.2125
316739.6796	4158098.2847
316739.8630	4158098.3565
316740.0472	4158098.4195
316740.2357	4158098.4619
316740.4125	4158098.5341
316740.5900	4158098.6035
316740.7686	4158098.6670
316740.9504	4158098.7319
316741.1397	4158098.7936
316741.3192	4158098.8805
316741.5015	4158098.9503
316741.6807	4158099.0188
316741.8546	4158099.0899
316742.0300	4158099.1678
316742.2085	4158099.2329
316742.3877	4158099.3152
316742.5684	4158099.3983
316742.7529	4158099.4737
316742.9317	4158099.5535
316743.1034	4158099.6349
316743.2765	4158099.7207
316743.4485	4158099.8086
316743.6258	4158099.8858
316743.8044	4158099.9651
316743.9826	4158100.0357
316744.1543	4158100.1151
316744.3313	4158100.1837
316744.5079	4158100.2556
316744.6862	4158100.3324
316744.8628	4158100.4084
316745.0384	4158100.4944
316745.2131	4158100.5790
316745.3945	4158100.6472
316745.5717	4158100.7162
316745.7495	4158100.7941
316745.9296	4158100.8801
316746.1079	4158100.9688
316746.2699	4158101.0714
316746.4453	4158101.1612
316746.6201	4158101.2500
316746.7886	4158101.3438
316746.9617	4158101.4297
316747.1318	4158101.5283
316747.2955	4158101.6318
316747.4591	4158101.7253
316747.6295	4158101.8223
316747.8020	4158101.9211
316747.9671	4158102.0291
316748.1286	4158102.1268
