316689.012705362	4158067.31211785	
316689.192812465	4158067.86322339	
316689.460528869	4158068.37908917	
316689.746159188	4158068.90566102	
316690.130193637	4158069.485568	
316690.547605419	4158069.97592461	
316690.927473927	4158070.36719539	
316691.511759878	4158070.80946016	
316692.148072242	4158071.20616937	
316692.711258522	4158071.49347692	
316693.309782536	4158071.78000411	
316693.943889326	4158072.07684722	
316694.59640009	4158072.40658892	
316695.250871151	4158072.82510067	
316695.719083728	4158073.21442071	
316696.352197231	4158073.86653906	
316696.788257478	4158074.40089077	
316697.120019676	4158075.01525737	
316697.409079876	4158075.69717694	
316697.534954438	4158076.19397196	
316697.643160108	4158076.69115716	
316697.775405705	4158077.47645466	
316697.848763684	4158077.99661274	
316697.931446174	4158078.53876822	
316698.022963092	4158079.08072861	
316698.105890606	4158079.63398034	
316698.22366577	4158080.1642592	
316698.33334161	4158080.72802191	
316698.522282298	4158081.27893254	
316698.684229586	4158081.80823595	
316698.908507962	4158082.35836622	
316699.141375704	4158082.89720515	
316699.365899065	4158083.45843168	
316699.572263459	4158083.9978559	
316699.72537621	4158084.52735442	
316699.922416052	4158085.04478124	
316700.120190988	4158085.59549681	
316700.344469185	4158086.14562711	
316700.560648042	4158086.72924126	
316700.803330152	4158087.31227014	
316701.019508951	4158087.8958843	
316701.209184446	4158088.48008373	
316701.408429452	4158089.09737683	
316701.598840009	4158089.71486502	
316701.762992306	4158090.34403473	
316701.918310158	4158090.97339953	
316702.073382954	4158091.59166808	
316702.332985449	4158092.54067815	
316702.496647579	4158093.14765537	
316702.607303168	4158093.75580313	
316702.700289906	4158094.36434106	
316702.890700275	4158094.98182928	
316703.237911674	4158095.89559974	
316703.541699194	4158096.44397433	
316703.915426905	4158096.95749949	
316704.290134707	4158097.51540966	
316704.760550833	4158098.0045964	
316705.274880701	4158098.88137156	
316705.499403294	4158099.44259824	
316705.769309825	4158100.45799081	
316705.930017942	4158101.33147317	
316705.979567434	4158101.97427531	
316706.170209188	4158103.00251991	
316706.308837851	4158103.67665996	
316706.46440022	4158104.31712108	
316706.829769788	4158105.25269401	
316707.134046832	4158105.82326122	
316707.692303025	4158106.68796484	
316708.093268366	4158107.23419367	
316708.467485413	4158107.76991151	
316708.841457384	4158108.29453311	
316709.250766925	4158108.81837441	
316709.642407608	4158109.34260588	
316710.016134413	4158109.85613129	
316710.461026443	4158110.39028856	
316710.914997844	4158110.93534703	
316711.359154684	4158111.4362156	
316712.064164551	4158112.14225565	
316712.803286777	4158112.79203419	
316713.367449652	4158113.12372802	
316713.949281276	4158113.45503174	
316714.53798708	4158113.69737042	
316715.152706002	4158113.91693141	
316715.766689831	4158114.1032037	
316716.361779739	4158114.23438494	
316716.991962199	4158114.35368968	
316717.612575188	4158114.43990078	
316718.224598781	4158114.53740326	
316718.801774799	4158114.65787856	
316719.449135945	4158114.75460084	
316720.061159485	4158114.85210345	
316720.691586843	4158114.98250471	
316721.242504607	4158115.11466164	
316721.854773104	4158115.22326062	
316722.459187229	4158115.37643972	
316723.088634459	4158115.46245617	
316723.734525418	4158115.49260127	
316724.679560798	4158115.46063295	
316725.305332881	4158115.38020582	
316726.316143326	4158115.12475217	
316726.824863245	4158114.94699474	
316727.367695749	4158114.71297585	
316727.954210261	4158114.45578918	
316728.495572811	4158114.15519286	
316729.045279791	4158113.83220903	
316729.576828015	4158113.48742285	
316730.099296883	4158113.13173552	
316730.5947726	4158112.7544409	
316731.099327759	4158112.3880475	
316731.595048563	4158112.0218492	
316732.152855207	4158111.66538177	
316732.693483091	4158111.331497	
316733.24343541	4158111.0196097	
316733.812036552	4158110.75171732	
316734.599537803	4158110.39017862	
316735.194397238	4158110.11060494	
316735.807660494	4158109.86392993	
316736.421413767	4158109.63944747	
316737.008173883	4158109.39335772	
316737.576775247	4158109.12546561	
316738.153231091	4158108.8129935	
316738.971905508	4158108.26203879	
316739.502229543	4158107.86177204	
316740.013659888	4158107.40641417	
316740.580071514	4158106.63899602	
316740.90599441	4158105.78807422	
316741.067003474	4158105.07401333	
316741.192674943	4158104.36073263	
316741.187300225	4158103.71695515	
316741.155177299	4158103.06266655	
316741.175570861	4158102.38501518	
316741.056833686	4158101.4106908	
316740.840672979	4158100.4274157	
316740.649775601	4158099.78773422	
316740.414951119	4158099.16012423	
316740.119265652	4158098.57826459	
316739.570091887	4158097.7244601	
316739.24814806	4158097.15428188	
316738.89994593	4158096.59578507	
316738.517400897	4158095.68279346	
316738.239384024	4158095.10054378	
316737.871322847	4158094.04291086	
316737.585466238	4158093.10558123	
316737.350641372	4158092.47797133	
316736.985519864	4158091.55349343	
316736.576226172	4158090.6299908	
316736.306553463	4158090.02535363	
316736.01945686	4158089.43220281	
316735.749294096	4158088.80537316	
316735.487965718	4158088.17834846	
316735.245041129	4158087.5842224	
316734.897343073	4158086.64825823	
316734.680431702	4158086.03135453	
316734.499103007	4158085.42476687	
316734.299370454	4158084.78528058	
316734.107982316	4158084.12340673	
316733.856482775	4158083.14091201	
316733.621412408	4158082.50220594	
316733.255800142	4158081.55553569	
316732.85730001	4158080.72060817	
316732.562103437	4158080.16094126	
316732.29292014	4158079.5784967	
316732.005332953	4158078.96315351	
316731.708666297	4158078.33690914	
316731.420589038	4158077.69937348	
316731.510922546	4158076.98687287	
316731.284196305	4158076.32577932	
316731.101642222	4158075.66371048	
316730.928412546	4158075.02363908	
316730.562064717	4158074.04368019	
316730.163074014	4158073.18656028	
316729.831069277	4158072.5610962	
316729.272568477	4158071.68529489	
316728.90645084	4158071.11609232	
316728.557512045	4158070.52430716	
316728.207838205	4158069.89923325	
316727.920005431	4158069.27279395	
316727.597829273	4158068.29185987	
316727.441533108	4158067.61810967	
316727.355667505	4158066.93170274	
316727.252147424	4158065.84602592	
316727.192050146	4158065.12574506	
316726.940059382	4158064.12105802	
316726.713087502	4158063.44886833	
316726.398506072	4158062.811918	
316726.031652885	4158062.2094268	
316725.656210196	4158061.61822693	
316725.044701571	4158060.74359624	
316724.486199556	4158059.86779521	
316724.163028384	4158059.24213628	
316723.918877269	4158058.59252927	
316723.735097294	4158057.87497934	
316723.613893514	4158057.18935269	
316723.520187404	4158056.14786584	
316723.451255338	4158055.42778007	
316723.338150963	4158054.70866963	
316723.13694696	4158054.00260608	
316722.918564013	4158053.31912516	
316722.499207692	4158052.34033698	
316722.158122186	4158051.70397199	
316721.790778242	4158051.07928846	
316721.310315454	4158050.13515454	
316721.030826035	4158049.48632787	
316720.812442825	4158048.80284701	
316720.620807994	4158048.12987719	
316720.454941518	4158047.42303343	
316720.324657906	4158046.72650565	
316720.229957165	4158046.04029385	
316720.144335893	4158045.36498324	
316720.023131716	4158044.67935664	
316719.910516987	4158043.98243874	
316719.763054369	4158043.3084936	
316719.553995424	4158042.64701019	
316719.318923042	4158042.00830448	
316719.048757738	4158041.38147531	
316718.752333978	4158040.7663276	
316718.403393339	4158040.17454281	
316718.054697662	4158039.59385428	
316717.70600194	4158039.01316577	
316717.366630673	4158038.4544747	
316717.089100716	4158037.89441814	
316716.881511525	4158037.29951228	
316716.726684176	4158036.69233975	
316716.686950074	4158036.09372755	
316716.845018783	4158035.24651125	
316717.000378341	4158034.67689624	
