0	260057.2369	3681130.227
1	260057.3452	3681130.397
2	260057.454		3681130.568
3	260057.5623	3681130.738
4	260057.6709	3681130.908
5	260057.7797	3681131.079
6	260057.8888	3681131.25
7	260057.9971	3681131.42
8	260058.1055	3681131.59
9	260058.2139	3681131.76
10	260058.3223	3681131.931
11	260058.4305	3681132.1
12	260058.5394	3681132.271
13	260058.648		3681132.442
14	260058.7563	3681132.612
15	260058.8649	3681132.782
16	260058.973		3681132.952
17	260059.0813	3681133.122
18	260059.1897	3681133.292
19	260059.298		3681133.462
20	260059.4062	3681133.632
21	260059.5148	3681133.802
22	260059.6231	3681133.972
23	260059.7315	3681134.142
24	260059.8399	3681134.312
25	260059.9483	3681134.482
26	260060.0564	3681134.652
27	260060.1647	3681134.822
28	260060.273		3681134.992
29	260060.3812	3681135.162
30	260060.4896	3681135.332
31	260060.5975	3681135.501
32	260060.7057	3681135.671
33	260060.8136	3681135.84
34	260060.9219	3681136.01
35	260061.0298	3681136.18
36	260061.138		3681136.349
37	260061.2459	3681136.519
38	260061.3541	3681136.689
39	260061.4622	3681136.858
40	260061.57		3681137.027
41	260061.6781	3681137.197
42	260061.7861	3681137.367
43	260061.8939	3681137.536
44	260062.0017	3681137.705
45	260062.1096	3681137.874
46	260062.2174	3681138.043
47	260062.3252	3681138.213
48	260062.4331	3681138.382
49	260062.5411	3681138.551
50	260062.649		3681138.721
51	260062.7568	3681138.89
52	260062.8647	3681139.059
53	260062.9726	3681139.228
54	260063.0805	3681139.398
55	260063.1883	3681139.567
56	260063.296		3681139.736
57	260063.404		3681139.905
58	260063.5118	3681140.074
59	260063.6196	3681140.244
60	260063.7276	3681140.413
61	260063.8354	3681140.582
62	260063.9432	3681140.751
63	260064.0513	3681140.921
64	260064.1594	3681141.09
65	260064.2673	3681141.26
66	260064.3751	3681141.429
67	260064.4829	3681141.598
68	260064.591		3681141.768
69	260064.6989	3681141.937
70	260064.807		3681142.107
71	260064.915		3681142.276
72	260065.0231	3681142.446
73	260065.1311	3681142.615
74	260065.2393	3681142.785
75	260065.3474	3681142.954
76	260065.4554	3681143.124
77	260065.5635	3681143.293
78	260065.6715	3681143.463
79	260065.78		3681143.633
80	260065.8881	3681143.803
81	260065.9963	3681143.972
82	260066.1045	3681144.142
83	260066.2125	3681144.312
84	260066.3209	3681144.482
85	260066.4296	3681144.652
86	260066.5378	3681144.822
87	260066.6459	3681144.991
88	260066.754		3681145.161
89	260066.8627	3681145.332
90	260066.9712	3681145.502
91	260067.0801	3681145.673
92	260067.1885	3681145.843
93	260067.2973	3681146.013
94	260067.4062	3681146.184
95	260067.5144	3681146.354
96	260067.6227	3681146.524
97	260067.7309	3681146.694
98	260067.84		3681146.865
99	260067.949		3681147.036
100	260068.0577	3681147.206
101	260068.1662	3681147.377
102	260068.2753	3681147.548
103	260068.384		3681147.718
104	260068.4933	3681147.89
105	260068.6021	3681148.06
106	260068.7182	3681148.225
107	260068.8412	3681148.384
108	260068.9718	3681148.538
109	260069.1079	3681148.686
110	260069.2512	3681148.828
111	260069.3993	3681148.964
112	260069.5538	3681149.094
113	260069.7134	3681149.217
114	260069.8773	3681149.333
115	260070.0466	3681149.442
116	260070.2194	3681149.543
117	260070.3978	3681149.637
118	260070.5786	3681149.724
119	260070.7634	3681149.803
120	260070.9514	3681149.873
121	260071.1426	3681149.937
122	260071.3362	3681149.992
123	260071.5315	3681150.038
124	260071.7286	3681150.077
125	260071.9268	3681150.106
126	260072.1258	3681150.127
127	260072.3257	3681150.14
128	260072.5257	3681150.145
129	260072.727		3681150.142
130	260072.9281	3681150.139
131	260073.1298	3681150.137
132	260073.3299	3681150.134
133	260073.53		3681150.132
134	260073.7315	3681150.129
135	260073.9321	3681150.127
136	260074.1332	3681150.124
137	260074.3343	3681150.122
138	260074.5349	3681150.119
139	260074.7361	3681150.117
140	260074.9371	3681150.114
141	260075.1374	3681150.111
142	260075.3377	3681150.109
143	260075.5386	3681150.106
144	260075.7392	3681150.104
145	260075.9398	3681150.101
146	260076.1405	3681150.099
147	260076.3412	3681150.096
148	260076.5419	3681150.094
149	260076.7422	3681150.091
150	260076.9426	3681150.089
151	260077.1431	3681150.086
152	260077.3431	3681150.084
153	260077.5434	3681150.081
154	260077.7438	3681150.079
155	260077.9441	3681150.076
156	260078.1445	3681150.074
157	260078.3449	3681150.071
158	260078.545		3681150.068
159	260078.7453	3681150.066
160	260078.9457	3681150.063
161	260079.1458	3681150.061
162	260079.3463	3681150.058
163	260079.5464	3681150.056
164	260079.747		3681150.053
165	260079.947		3681150.051
166	260080.1475	3681150.048
167	260080.3477	3681150.046
168	260080.5483	3681150.043
169	260080.7486	3681150.041
170	260080.9487	3681150.038
171	260081.1491	3681150.036
172	260081.3495	3681150.033
173	260081.5497	3681150.031
174	260081.7508	3681150.028
175	260081.952		3681150.025
176	260082.1521	3681150.023
177	260082.3529	3681150.02
178	260082.5538	3681150.018
179	260082.7538	3681150.015
180	260082.9538	3681150.013
181	260083.1548	3681150.01
182	260083.3563	3681150.008
183	260083.5578	3681150.005
184	260083.7588	3681150.003
185	260083.9589	3681150
186	260084.1593	3681149.998
187	260084.3597	3681149.995
188	260084.5597	3681149.993
189	260084.763		3681149.99
190	260084.9637	3681149.979
191	260085.1633	3681149.959
192	260085.362		3681149.931
193	260085.5586	3681149.893
194	260085.7537	3681149.849
195	260085.9469	3681149.794
196	260086.139		3681149.733
197	260086.3264	3681149.661
198	260086.5114	3681149.583
199	260086.6925	3681149.497
200	260086.8705	3681149.402
201	260087.0437	3681149.301
202	260087.2128	3681149.191
203	260087.3771	3681149.075
204	260087.5357	3681148.952
205	260087.6887	3681148.822
206	260087.8358	3681148.685
207	260087.9772	3681148.543
208	260088.1119	3681148.394
209	260088.2412	3681148.239
210	260088.3628	3681148.079
211	260088.4777	3681147.914
212	260088.5852	3681147.744
213	260088.6854	3681147.569
214	260088.7776	3681147.39
215	260088.863		3681147.207
216	260088.9394	3681147.02
217	260089.0088	3681146.83
218	260089.0689	3681146.637
219	260089.1209	3681146.442
220	260089.1643	3681146.245
221	260089.1993	3681146.046
222	260089.2256	3681145.845
223	260089.243		3681145.645
224	260089.252		3681145.443
225	260089.252		3681145.241
226	260089.2427	3681145.039
227	260089.2253	3681144.838
228	260089.1988	3681144.637
229	260089.1639	3681144.438
230	260089.1201	3681144.241
231	260089.068		3681144.047
232	260089.0079	3681143.854
233	260088.9397	3681143.665
234	260088.8624	3681143.478
235	260088.7779	3681143.296
236	260088.6853	3681143.116
237	260088.5913	3681142.938
238	260088.4934	3681142.76
239	260088.3961	3681142.583
240	260088.2986	3681142.405
241	260088.2009	3681142.228
242	260088.1031	3681142.05
243	260088.0054	3681141.872
244	260087.9076	3681141.694
245	260087.81		3681141.516
246	260087.7126	3681141.339
247	260087.6155	3681141.162
248	260087.5179	3681140.985
249	260087.4208	3681140.808
250	260087.3234	3681140.631
251	260087.2258	3681140.453
252	260087.1283	3681140.276
253	260087.0308	3681140.098
254	260086.9336	3681139.921
255	260086.8366	3681139.745
256	260086.7394	3681139.568
257	260086.6421	3681139.391
258	260086.5449	3681139.214
259	260086.4479	3681139.038
260	260086.3506	3681138.861
261	260086.2533	3681138.684
262	260086.1562	3681138.507
263	260086.0593	3681138.331
264	260085.9624	3681138.154
265	260085.8652	3681137.977
266	260085.7685	3681137.801
267	260085.6714	3681137.625
268	260085.5743	3681137.448
269	260085.4775	3681137.272
270	260085.3807	3681137.096
271	260085.2838	3681136.919
272	260085.1869	3681136.743
273	260085.0901	3681136.567
274	260084.9934	3681136.391
275	260084.8967	3681136.215
276	260084.8		3681136.039
277	260084.7034	3681135.863
278	260084.6068	3681135.688
279	260084.5102	3681135.512
280	260084.4135	3681135.336
281	260084.3169	3681135.16
282	260084.2201	3681134.984
283	260084.1236	3681134.808
284	260084.0269	3681134.632
285	260083.9302	3681134.456
286	260083.8336	3681134.281
287	260083.7371	3681134.105
288	260083.6404	3681133.929
289	260083.5437	3681133.753
290	260083.4472	3681133.578
291	260083.3504	3681133.402
292	260083.2535	3681133.225
293	260083.1568	3681133.049
294	260083.0599	3681132.873
295	260082.9632	3681132.697
296	260082.8666	3681132.521
297	260082.7696	3681132.345
298	260082.6729	3681132.169
299	260082.5761	3681131.993
300	260082.4791	3681131.817
301	260082.3821	3681131.64
302	260082.2854	3681131.464
303	260082.1883	3681131.288
304	260082.0912	3681131.111
305	260081.9943	3681130.935
306	260081.8972	3681130.758
307	260081.8003	3681130.582
308	260081.7031	3681130.405
309	260081.6058	3681130.228
310	260081.5087	3681130.051
311	260081.4118	3681129.875
312	260081.3149	3681129.699
313	260081.2179	3681129.522
314	260081.1204	3681129.345
315	260081.0233	3681129.168
316	260080.9258	3681128.991
317	260080.8289	3681128.815
318	260080.732		3681128.639
319	260080.6344	3681128.461
320	260080.537		3681128.284
321	260080.4399	3681128.107
322	260080.3424	3681127.93
323	260080.2453	3681127.753
324	260080.1481	3681127.576
325	260080.0506	3681127.399
326	260079.9531	3681127.222
327	260079.8556	3681127.044
328	260079.7581	3681126.867
329	260079.6607	3681126.69
330	260079.5635	3681126.513
331	260079.4657	3681126.335
332	260079.3681	3681126.158
333	260079.2653	3681125.985
334	260079.17		3681125.806
335	260079.084		3681125.623
336	260079.0068	3681125.435
337	260078.9399	3681125.245
338	260078.8823	3681125.053
339	260078.8344	3681124.858
340	260078.7955	3681124.66
341	260078.7666	3681124.46
342	260078.7474	3681124.258
343	260078.7385	3681124.055
344	260078.7392	3681123.854
345	260078.7496	3681123.653
346	260078.7705	3681123.454
347	260078.8007	3681123.254
348	260078.841		3681123.056
349	260078.8913	3681122.858
350	260078.9514	3681122.665
351	260079.0197	3681122.476
352	260079.0977	3681122.291
353	260079.1849	3681122.109
354	260079.281		3681121.932
355	260079.3851	3681121.76
356	260079.4982	3681121.592
357	260079.6191	3681121.432
358	260079.7468	3681121.277
359	260079.8823	3681121.129
360	260080.0261	3681120.987
361	260080.1755	3681120.853
362	260080.3321	3681120.726
363	260080.4937	3681120.607
364	260080.661		3681120.496
365	260080.8342	3681120.394
366	260081.0121	3681120.3
367	260081.1935	3681120.215
368	260081.3784	3681120.137
369	260081.5637	3681120.059
370	260081.7502	3681119.985
371	260081.9388	3681119.916
372	260082.1293	3681119.852
373	260082.3204	3681119.792
374	260082.5135	3681119.738
375	260082.7071	3681119.687
376	260082.903		3681119.642
377	260083.0995	3681119.602
378	260083.2968	3681119.566
379	260083.4948	3681119.536
380	260083.6937	3681119.511
381	260083.8929	3681119.49
382	260084.0925	3681119.473
383	260084.2931	3681119.463
384	260084.4936	3681119.457
385	260084.6938	3681119.456
386	260084.8939	3681119.459
387	260085.0938	3681119.469
388	260085.2946	3681119.483
389	260085.4943	3681119.502
390	260085.6932	3681119.525
391	260085.8918	3681119.554
392	260086.0891	3681119.587
393	260086.2868	3681119.625
394	260086.4823	3681119.669
395	260086.6769	3681119.717
396	260086.8699	3681119.77
397	260087.0621	3681119.827
398	260087.2538	3681119.889
399	260087.4423	3681119.957
400	260087.6306	3681120.029
401	260087.8162	3681120.105
402	260088		3681120.186
403	260088.1811	3681120.272
404	260088.3606	3681120.361
405	260088.5381	3681120.456
406	260088.7128	3681120.555
407	260088.8853	3681120.657
408	260089.0548	3681120.765
409	260089.2226	3681120.877
410	260089.3866	3681120.992
411	260089.5483	3681121.112
412	260089.7071	3681121.236
413	260089.8623	3681121.364
414	260090.0147	3681121.495
415	260090.1633	3681121.631
416	260090.3093	3681121.768
417	260090.4512	3681121.912
418	260090.59		3681122.058
419	260090.7253	3681122.207
420	260090.8565	3681122.36
421	260090.984		3681122.516
422	260091.1033	3681122.678
423	260091.2123	3681122.847
424	260091.3168	3681123.019
425	260091.415		3681123.194
426	260091.5092	3681123.372
427	260091.598		3681123.553
428	260091.6816	3681123.736
429	260091.7615	3681123.922
430	260091.8343	3681124.111
431	260091.9026	3681124.301
432	260091.9652	3681124.492
433	260092.0224	3681124.686
434	260092.0737	3681124.881
435	260092.1206	3681125.077
436	260092.1604	3681125.275
437	260092.1952	3681125.473
438	260092.2249	3681125.673
439	260092.2479	3681125.874
440	260092.2658	3681126.074
441	260092.2782	3681126.276
442	260092.284		3681126.477
443	260092.2847	3681126.678
444	260092.2797	3681126.881
445	260092.2693	3681127.082
446	260092.2524	3681127.283
447	260092.2304	3681127.484
448	260092.203		3681127.684
449	260092.1692	3681127.882
450	260092.13		3681128.08
451	260092.0854	3681128.277
452	260092.035		3681128.473
453	260091.9788	3681128.667
454	260091.9176	3681128.859
455	260091.8513	3681129.048
456	260091.7795	3681129.237
457	260091.7015	3681129.423
458	260091.6194	3681129.607
459	260091.5315	3681129.788
460	260091.4381	3681129.967
461	260091.3404	3681130.144
462	260091.2378	3681130.317
463	260091.1295	3681130.487
464	260091.0283	3681130.661
465	260090.9387	3681130.841
466	260090.8517	3681131.022
467	260090.7678	3681131.205
468	260090.6867	3681131.389
469	260090.6083	3681131.576
470	260090.5326	3681131.763
471	260090.4603	3681131.952
472	260090.3918	3681132.142
473	260090.3261	3681132.333
474	260090.2637	3681132.525
475	260090.2041	3681132.718
476	260090.1481	3681132.912
477	260090.0949	3681133.106
478	260090.0449	3681133.3
479	260089.9984	3681133.496
480	260089.9548	3681133.692
481	260089.9143	3681133.888
482	260089.8771	3681134.087
483	260089.8431	3681134.285
484	260089.8118	3681134.485
485	260089.7841	3681134.685
486	260089.7598	3681134.886
487	260089.7383	3681135.087
488	260089.7212	3681135.289
489	260089.7069	3681135.491
490	260089.6953	3681135.693
491	260089.6878	3681135.894
492	260089.6833	3681136.095
493	260089.682		3681136.297
494	260089.6836	3681136.497
495	260089.6888	3681136.698
496	260089.6975	3681136.899
497	260089.7092	3681137.1
498	260089.7241	3681137.301
499	260089.7421	3681137.502
500	260089.7642	3681137.703
501	260089.7891	3681137.904
502	260089.8175	3681138.105
503	260089.8485	3681138.305
504	260089.8833	3681138.505
505	260089.9216	3681138.704
506	260089.9633	3681138.902
507	260090.0077	3681139.099
508	260090.0553	3681139.295
509	260090.1058	3681139.49
510	260090.1592	3681139.684
511	260090.2162	3681139.876
512	260090.2761	3681140.068
513	260090.3391	3681140.258
514	260090.4055	3681140.449
515	260090.4749	3681140.638
516	260090.5474	3681140.826
517	260090.6229	3681141.013
518	260090.7021	3681141.2
519	260090.7841	3681141.386
520	260090.8697	3681141.57
521	260090.9456	3681141.757
522	260091.021		3681141.944
523	260091.0736	3681142.14
524	260091.1225	3681142.335
525	260091.1678	3681142.53
526	260091.2084	3681142.727
527	260091.245		3681142.927
528	260091.277		3681143.126
529	260091.3053	3681143.325
530	260091.3299	3681143.525
531	260091.3487	3681143.726
532	260091.3646	3681143.928
533	260091.3751	3681144.129
534	260091.3821	3681144.33
535	260091.3849	3681144.534
536	260091.3828	3681144.736
537	260091.3763	3681144.937
538	260091.3661	3681145.138
539	260091.3508	3681145.341
540	260091.3319	3681145.542
541	260091.309		3681145.743
542	260091.281		3681145.942
543	260091.2495	3681146.141
544	260091.2133	3681146.34
545	260091.1731	3681146.538
546	260091.1288	3681146.734
547	260091.0799	3681146.929
548	260091.0279	3681147.124
549	260090.9708	3681147.317
550	260090.9101	3681147.509
551	260090.8446	3681147.699
552	260090.7759	3681147.889
553	260090.7028	3681148.077
554	260090.6264	3681148.263
555	260090.5454	3681148.447
556	260090.4607	3681148.63
557	260090.3716	3681148.811
558	260090.2795	3681148.99
559	260090.1834	3681149.167
560	260090.0831	3681149.342
561	260089.9795	3681149.515
562	260089.8729	3681149.685
563	260089.7619	3681149.852
564	260089.6481	3681150.018
565	260089.5294	3681150.182
566	260089.4079	3681150.343
567	260089.2835	3681150.501
568	260089.1557	3681150.656
569	260089.0236	3681150.809
570	260088.8894	3681150.958
571	260088.7521	3681151.106
572	260088.6113	3681151.249
573	260088.4673	3681151.39
574	260088.3201	3681151.528
575	260088.1708	3681151.663
576	260088.0191	3681151.794
577	260087.8643	3681151.922
578	260087.7069	3681152.047
579	260087.5463	3681152.169
580	260087.3836	3681152.286
581	260087.2181	3681152.401
582	260087.051		3681152.512
583	260086.8807	3681152.62
584	260086.7085	3681152.723
585	260086.535		3681152.823
586	260086.3582	3681152.92
587	260086.1737	3681152.999
588	260085.9879	3681153.077
589	260085.802		3681153.154
590	260085.616		3681153.232
591	260085.4301	3681153.31
592	260085.2441	3681153.388
593	260085.0581	3681153.466
594	260084.8723	3681153.544
595	260084.6865	3681153.622
596	260084.501		3681153.7
597	260084.3156	3681153.778
598	260084.1304	3681153.856
599	260083.9456	3681153.933
600	260083.7594	3681154.011
601	260083.5736	3681154.089
602	260083.3883	3681154.167
603	260083.2033	3681154.244
604	260083.0174	3681154.322
605	260082.832		3681154.4
606	260082.6472	3681154.478
607	260082.4615	3681154.556
608	260082.2766	3681154.633
609	260082.0909	3681154.711
610	260081.906		3681154.789
611	260081.7206	3681154.866
612	260081.5346	3681154.944
613	260081.3496	3681155.022
614	260081.1643	3681155.1
615	260080.9786	3681155.178
616	260080.7928	3681155.256
617	260080.6069	3681155.334
618	260080.4222	3681155.411
619	260080.2375	3681155.488
620	260080.0517	3681155.566
621	260079.8661	3681155.644
622	260079.6808	3681155.722
623	260079.4958	3681155.8
624	260079.3101	3681155.878
625	260079.1249	3681155.955
626	260078.9393	3681156.033
627	260078.7543	3681156.111
628	260078.5691	3681156.188
629	260078.3836	3681156.266
630	260078.1982	3681156.344
631	260078.0127	3681156.422
632	260077.8275	3681156.499
633	260077.6426	3681156.577
634	260077.457		3681156.655
635	260077.2721	3681156.732
636	260077.0868	3681156.81
637	260076.9014	3681156.888
638	260076.716		3681156.966
639	260076.5308	3681157.043
640	260076.3459	3681157.121
641	260076.1606	3681157.199
642	260075.9759	3681157.276
643	260075.7912	3681157.354
644	260075.6066	3681157.431
645	260075.4214	3681157.509
646	260075.2367	3681157.586
647	260075.0519	3681157.664
648	260074.8672	3681157.741
649	260074.682		3681157.819
650	260074.4972	3681157.896
651	260074.3124	3681157.974
652	260074.1277	3681158.051
653	260073.9425	3681158.129
654	260073.7578	3681158.206
655	260073.5731	3681158.284
656	260073.3883	3681158.361
657	260073.2038	3681158.439
658	260073.0189	3681158.516
659	260072.8344	3681158.594
660	260072.6495	3681158.671
661	260072.4649	3681158.749
662	260072.2804	3681158.826
663	260072.0958	3681158.904
664	260071.9109	3681158.981
665	260071.726		3681159.059
666	260071.5411	3681159.136
667	260071.3563	3681159.214
668	260071.1715	3681159.291
669	260070.9866	3681159.369
670	260070.802		3681159.446
671	260070.617		3681159.524
672	260070.4325	3681159.601
673	260070.2477	3681159.679
674	260070.0632	3681159.756
675	260069.8782	3681159.834
676	260069.6934	3681159.911
677	260069.5088	3681159.989
678	260069.3241	3681160.066
679	260069.1395	3681160.143
680	260068.9548	3681160.221
681	260068.77		3681160.298
682	260068.5854	3681160.376
683	260068.4005	3681160.453
684	260068.216		3681160.531
685	260068.0312	3681160.608
686	260067.8463	3681160.686
687	260067.6615	3681160.763
688	260067.4768	3681160.841
689	260067.2918	3681160.918
690	260067.1066	3681160.996
691	260066.9214	3681161.074
692	260066.7364	3681161.151
693	260066.5518	3681161.229
694	260066.3671	3681161.306
695	260066.1824	3681161.384
696	260065.9972	3681161.461
697	260065.8124	3681161.539
698	260065.6275	3681161.616
699	260065.4426	3681161.694
700	260065.2578	3681161.771
701	260065.0725	3681161.849
702	260064.8878	3681161.926
703	260064.7028	3681162.004
704	260064.5178	3681162.082
705	260064.3328	3681162.159
706	260064.1482	3681162.237
707	260063.9629	3681162.314
708	260063.7782	3681162.392
709	260063.5931	3681162.469
710	260063.4078	3681162.547
711	260063.2224	3681162.625
712	260063.0371	3681162.703
713	260062.8519	3681162.78
714	260062.6669	3681162.858
715	260062.4812	3681162.936
716	260062.2959	3681163.013
717	260062.1112	3681163.091
718	260061.9261	3681163.169
719	260061.7406	3681163.246
720	260061.5547	3681163.324
721	260061.3699	3681163.402
722	260061.1849	3681163.479
723	260060.9999	3681163.557
724	260060.8149	3681163.635
725	260060.63		3681163.712
726	260060.4453	3681163.79
727	260060.2595	3681163.867
728	260060.074		3681163.945
729	260059.889		3681164.023
730	260059.703		3681164.101
731	260059.5175	3681164.179
732	260059.3327	3681164.256
733	260059.1471	3681164.334
734	260058.9622	3681164.411
735	260058.7767	3681164.489
736	260058.5906	3681164.567
737	260058.4054	3681164.645
738	260058.2197	3681164.723
739	260058.0335	3681164.801
740	260057.8485	3681164.879
741	260057.6631	3681164.956
742	260057.4773	3681165.034
743	260057.2912	3681165.112
744	260057.1048	3681165.19
745	260056.9199	3681165.268
746	260056.7349	3681165.346
747	260056.5497	3681165.423
748	260056.3644	3681165.501
749	260056.1791	3681165.579
750	260055.9938	3681165.656
751	260055.8085	3681165.734
752	260055.6233	3681165.812
753	260055.4381	3681165.889
754	260055.2532	3681165.967
755	260055.0727	3681166.055
756	260054.8947	3681166.147
757	260054.7165	3681166.242
758	260054.5412	3681166.34
759	260054.3672	3681166.44
760	260054.1939	3681166.542
761	260054.022		3681166.646
762	260053.8513	3681166.753
763	260053.6829	3681166.863
764	260053.5158	3681166.974
765	260053.3498	3681167.087
766	260053.1857	3681167.202
767	260053.0229	3681167.32
768	260052.8618	3681167.44
769	260052.7013	3681167.562
770	260052.543		3681167.686
771	260052.3871	3681167.813
772	260052.2328	3681167.942
773	260052.08		3681168.071
774	260051.928		3681168.202
775	260051.7784	3681168.339
776	260051.6314	3681168.476
777	260051.4851	3681168.614
778	260051.3405	3681168.753
779	260051.1984	3681168.896
780	260051.059		3681169.041
781	260050.9207	3681169.187
782	260050.7836	3681169.334
783	260050.6492	3681169.484
784	260050.5179	3681169.636
785	260050.3879	3681169.789
786	260050.2587	3681169.943
787	260050.1321	3681170.1
788	260050.0086	3681170.259
789	260049.887		3681170.419
790	260049.7669	3681170.58
791	260049.648		3681170.743
792	260049.5326	3681170.908
793	260049.4198	3681171.075
794	260049.3082	3681171.242
795	260049.1989	3681171.411
796	260049.0925	3681171.583
797	260048.9884	3681171.755
798	260048.8861	3681171.928
799	260048.7861	3681172.103
800	260048.688		3681172.279
801	260048.5934	3681172.458
802	260048.5007	3681172.636
803	260048.4097	3681172.815
804	260048.3211	3681172.998
805	260048.2361	3681173.18
806	260048.1533	3681173.364
807	260048.0724	3681173.548
808	260047.9937	3681173.735
809	260047.9182	3681173.922
810	260047.8453	3681174.11
811	260047.7743	3681174.298
812	260047.7055	3681174.488
813	260047.6403	3681174.679
814	260047.5773	3681174.87
815	260047.5167	3681175.062
816	260047.4583	3681175.256
817	260047.4025	3681175.449
818	260047.3499	3681175.644
819	260047.3		3681175.839
820	260047.2523	3681176.034
821	260047.2069	3681176.232
822	260047.1662	3681176.431
823	260047.1223	3681176.628
824	260047.0751	3681176.824
825	260047.0223	3681177.018
826	260046.9661	3681177.212
827	260046.9054	3681177.405
828	260046.8413	3681177.595
829	260046.7721	3681177.785
830	260046.6994	3681177.973
831	260046.6221	3681178.16
832	260046.5413	3681178.344
833	260046.4559	3681178.526
834	260046.3672	3681178.707
835	260046.274		3681178.886
836	260046.1778	3681179.062
837	260046.077		3681179.236
838	260045.9721	3681179.408
839	260045.8643	3681179.579
840	260045.7526	3681179.746
841	260045.6374	3681179.91
842	260045.518		3681180.073
843	260045.3954	3681180.233
844	260045.2702	3681180.39
845	260045.1406	3681180.543
846	260045.0082	3681180.694
847	260044.8729	3681180.843
848	260044.7339	3681180.988
849	260044.5917	3681181.131
850	260044.4454	3681181.271
851	260044.2973	3681181.407
852	260044.1468	3681181.54
853	260043.9924	3681181.669
854	260043.8347	3681181.795
855	260043.6752	3681181.918
856	260043.5139	3681182.037
857	260043.3491	3681182.152
858	260043.1824	3681182.264
859	260043.0131	3681182.372
860	260042.842		3681182.476
861	260042.6677	3681182.577
862	260042.4906	3681182.674
863	260042.3128	3681182.767
864	260042.1333	3681182.856
865	260041.9517	3681182.941
866	260041.7669	3681183.022
867	260041.5819	3681183.099
868	260041.3951	3681183.172
869	260041.2073	3681183.241
870	260041.0173	3681183.306
871	260040.8257	3681183.367
872	260040.6336	3681183.424
873	260040.4404	3681183.476
874	260040.246		3681183.523
875	260040.0503	3681183.567
876	260039.8537	3681183.607
877	260039.6557	3681183.642
878	260039.455		3681183.673
879	260039.2558	3681183.701
880	260039.0569	3681183.723
881	260038.8574	3681183.74
882	260038.6567	3681183.755
883	260038.4559	3681183.763
884	260038.2558	3681183.768
885	260038.0553	3681183.769
886	260037.8549	3681183.765
887	260037.6549	3681183.757
888	260037.4552	3681183.745
889	260037.255		3681183.728
890	260037.0555	3681183.706
891	260036.8559	3681183.681
892	260036.6577	3681183.651
893	260036.4603	3681183.617
894	260036.2622	3681183.579
895	260036.0658	3681183.536
896	260035.8714	3681183.488
897	260035.677		3681183.437
898	260035.4843	3681183.382
899	260035.2922	3681183.322
900	260035.102		3681183.258
901	260034.915		3681183.185
902	260034.7316	3681183.104
903	260034.5524	3681183.013
904	260034.3775	3681182.914
905	260034.2084	3681182.806
906	260034.0437	3681182.689
907	260033.8855	3681182.566
908	260033.7337	3681182.434
909	260033.5885	3681182.295
910	260033.4499	3681182.15
911	260033.3183	3681181.997
912	260033.1938	3681181.837
913	260033.0783	3681181.672
914	260032.9664	3681181.503
915	260032.8551	3681181.333
916	260032.744		3681181.163
917	260032.6333	3681180.994
918	260032.523		3681180.826
919	260032.412		3681180.656
920	260032.3014	3681180.487
921	260032.1904	3681180.318
922	260032.0798	3681180.149
923	260031.9689	3681179.979
924	260031.8585	3681179.811
925	260031.7479	3681179.642
926	260031.637		3681179.472
927	260031.5259	3681179.303
928	260031.4156	3681179.134
929	260031.3052	3681178.966
930	260031.1948	3681178.797
931	260031.0844	3681178.629
932	260030.9742	3681178.46
933	260030.8633	3681178.291
934	260030.7527	3681178.122
935	260030.6424	3681177.953
936	260030.5318	3681177.784
937	260030.4216	3681177.616
938	260030.3111	3681177.447
939	260030.2006	3681177.279
940	260030.09		3681177.11
941	260029.9795	3681176.941
942	260029.8692	3681176.772
943	260029.7591	3681176.604
944	260029.6487	3681176.436
945	260029.5381	3681176.267
946	260029.4275	3681176.098
947	260029.3169	3681175.929
948	260029.2066	3681175.76
949	260029.0965	3681175.592
950	260028.9864	3681175.424
951	260028.8762	3681175.256
952	260028.7662	3681175.088
953	260028.6561	3681174.92
954	260028.5458	3681174.751
955	260028.4357	3681174.583
956	260028.3255	3681174.415
957	260028.2153	3681174.246
958	260028.1052	3681174.078
959	260027.9952	3681173.91
960	260027.8852	3681173.742
961	260027.7752	3681173.574
962	260027.6653	3681173.406
963	260027.5553	3681173.238
964	260027.4453	3681173.07
965	260027.3353	3681172.902
966	260027.2252	3681172.734
967	260027.1153	3681172.566
968	260027.0055	3681172.398
969	260026.8955	3681172.23
970	260026.7855	3681172.063
971	260026.6757	3681171.895
972	260026.5657	3681171.727
973	260026.4559	3681171.559
974	260026.346		3681171.391
975	260026.2362	3681171.224
976	260026.1263	3681171.056
977	260026.0163	3681170.888
978	260025.9065	3681170.72
979	260025.7965	3681170.552
980	260025.6866	3681170.384
981	260025.5766	3681170.216
982	260025.4667	3681170.048
983	260025.3566	3681169.88
984	260025.2468	3681169.713
985	260025.1368	3681169.545
986	260025.0267	3681169.377
987	260024.9169	3681169.209
988	260024.8071	3681169.041
989	260024.697		3681168.873
990	260024.5868	3681168.705
991	260024.4768	3681168.537
992	260024.3666	3681168.369
993	260024.2565	3681168.201
994	260024.1463	3681168.032
995	260024.0362	3681167.864
996	260023.9258	3681167.696
997	260023.8154	3681167.527
998	260023.7051	3681167.359
999	260023.5948	3681167.19
1000	260023.4844	3681167.022
1001	260023.3743	3681166.854
1002	260023.264		3681166.685
1003	260023.1537	3681166.517
1004	260023.0435	3681166.348
1005	260022.933		3681166.18
1006	260022.8229	3681166.012
1007	260022.7128	3681165.844
1008	260022.6021	3681165.674
1009	260022.4916	3681165.506
1010	260022.3814	3681165.337
1011	260022.271		3681165.169
1012	260022.1604	3681165
1013	260022.0497	3681164.831
1014	260021.939		3681164.662
1015	260021.8285	3681164.493
1016	260021.7181	3681164.325
1017	260021.6073	3681164.155
1018	260021.497		3681163.987
1019	260021.3862	3681163.818
1020	260021.2752	3681163.648
1021	260021.1649	3681163.48
1022	260021.0544	3681163.311
1023	260020.9439	3681163.142
1024	260020.8335	3681162.974
1025	260020.723		3681162.805
1026	260020.6128	3681162.637
1027	260020.5018	3681162.467
1028	260020.391		3681162.298
1029	260020.2806	3681162.13
1030	260020.1695	3681161.96
1031	260020.0589	3681161.791
1032	260019.9477	3681161.621
1033	260019.8371	3681161.452
1034	260019.726		3681161.283
1035	260019.6156	3681161.114
1036	260019.5048	3681160.945
1037	260019.3936	3681160.775
1038	260019.2833	3681160.607
1039	260019.1725	3681160.438
1040	260019.0607	3681160.268
1041	260018.9498	3681160.101
1042	260018.839		3681159.933
1043	260018.728		3681159.765
1044	260018.6173	3681159.597
1045	260018.5065	3681159.429
1046	260018.396		3681159.262
1047	260018.2851	3681159.095
1048	260018.1741	3681158.927
1049	260018.0628	3681158.759
1050	260017.9519	3681158.591
1051	260017.8409	3681158.424
1052	260017.7291	3681158.255
1053	260017.6187	3681158.086
1054	260017.5146	3681157.914
1055	260017.4157	3681157.739
1056	260017.3234	3681157.56
1057	260017.2383	3681157.376
1058	260017.161		3681157.19
1059	260017.09		3681157.002
1060	260017.0268	3681156.811
1061	260016.9701	3681156.618
1062	260016.9205	3681156.422
1063	260016.8783	3681156.225
1064	260016.8443	3681156.026
1065	260016.8173	3681155.826
1066	260016.7979	3681155.626
1067	260016.786		3681155.426
1068	260016.7821	3681155.224
1069	260016.7854	3681155.022
1070	260016.7961	3681154.82
1071	260016.8147	3681154.619
1072	260016.8406	3681154.42
1073	260016.8741	3681154.222
1074	260016.9157	3681154.024
1075	260016.9644	3681153.828
1076	260017.0195	3681153.634
1077	260017.0827	3681153.443
1078	260017.1528	3681153.255
1079	260017.2299	3681153.068
1080	260017.3145	3681152.885
1081	260017.4062	3681152.704
1082	260017.504		3681152.528
1083	260017.6077	3681152.355
1084	260017.7215	3681152.19
1085	260017.8463	3681152.031
1086	260017.9708	3681151.873
1087	260018.0956	3681151.714
1088	260018.2201	3681151.556
1089	260018.3448	3681151.398
1090	260018.47		3681151.239
1091	260018.5947	3681151.08
1092	260018.7191	3681150.922
1093	260018.8439	3681150.764
1094	260018.9686	3681150.606
1095	260019.0933	3681150.447
1096	260019.2178	3681150.289
1097	260019.3423	3681150.131
1098	260019.4666	3681149.973
1099	260019.5909	3681149.815
1100	260019.7151	3681149.657
1101	260019.8391	3681149.5
1102	260019.9633	3681149.342
1103	260020.0872	3681149.184
1104	260020.2113	3681149.027
1105	260020.3353	3681148.869
1106	260020.4595	3681148.712
1107	260020.5835	3681148.554
1108	260020.7077	3681148.397
1109	260020.8322	3681148.239
1110	260020.9567	3681148.081
1111	260021.0809	3681147.923
1112	260021.2052	3681147.765
1113	260021.3296	3681147.607
1114	260021.454		3681147.449
1115	260021.5784	3681147.291
1116	260021.7034	3681147.133
1117	260021.8279	3681146.975
1118	260021.9528	3681146.816
1119	260022.0773	3681146.658
1120	260022.2027	3681146.499
1121	260022.3273	3681146.341
1122	260022.4529	3681146.181
1123	260022.5776	3681146.023
1124	260022.711		3681145.872
1125	260022.8581	3681145.734
1126	260023.0157	3681145.609
1127	260023.1827	3681145.497
1128	260023.358		3681145.4
1129	260023.542		3681145.318
1130	260023.731		3681145.252
1131	260023.9246	3681145.2
1132	260024.1217	3681145.165
1133	260024.321		3681145.147
1134	260024.5227	3681145.145
1135	260024.7233	3681145.16
1136	260024.9216	3681145.192
1137	260025.1164	3681145.24
1138	260025.3068	3681145.303
1139	260025.492		3681145.383
1140	260025.669		3681145.477
1141	260025.8371	3681145.587
1142	260025.997		3681145.709
1143	260026.1456	3681145.843
1144	260026.282		3681145.992
1145	260026.395		3681146.159
1146	260026.5082	3681146.326
1147	260026.6214	3681146.494
1148	260026.7344	3681146.661
1149	260026.8473	3681146.828
1150	260026.9609	3681146.996
1151	260027.074		3681147.163
1152	260027.1877	3681147.331
1153	260027.3006	3681147.498
1154	260027.4138	3681147.666
1155	260027.527		3681147.833
1156	260027.64		3681148
1157	260027.7529	3681148.167
1158	260027.8661	3681148.335
1159	260027.9787	3681148.501
1160	260028.0915	3681148.668
1161	260028.204		3681148.835
1162	260028.317		3681149.002
1163	260028.4301	3681149.169
1164	260028.5431	3681149.336
1165	260028.6558	3681149.503
1166	260028.7685	3681149.669
1167	260028.881		3681149.836
1168	260028.9936	3681150.002
1169	260029.1065	3681150.169
1170	260029.2193	3681150.336
1171	260029.3317	3681150.503
1172	260029.4444	3681150.669
1173	260029.5568	3681150.835
1174	260029.6696	3681151.002
1175	260029.7822	3681151.169
1176	260029.8946	3681151.335
1177	260030.0072	3681151.502
1178	260030.1196	3681151.668
1179	260030.2322	3681151.834
1180	260030.3448	3681152.001
1181	260030.4573	3681152.167
1182	260030.5696	3681152.334
1183	260030.682		3681152.5
1184	260030.7945	3681152.666
1185	260030.9067	3681152.832
1186	260031.0191	3681152.998
1187	260031.1315	3681153.164
1188	260031.2438	3681153.33
1189	260031.3561	3681153.497
1190	260031.4685	3681153.663
1191	260031.581		3681153.829
1192	260031.6936	3681153.996
1193	260031.8062	3681154.162
1194	260031.9186	3681154.328
1195	260032.0311	3681154.495
1196	260032.1435	3681154.661
1197	260032.256		3681154.827
1198	260032.3686	3681154.994
1199	260032.4813	3681155.16
1200	260032.5938	3681155.327
1201	260032.7065	3681155.493
1202	260032.819		3681155.66
1203	260032.9316	3681155.826
1204	260033.0444	3681155.993
1205	260033.1571	3681156.159
1206	260033.2701	3681156.326
1207	260033.383		3681156.493
1208	260033.4956	3681156.66
1209	260033.6081	3681156.826
1210	260033.7213	3681156.994
1211	260033.8341	3681157.16
1212	260033.947		3681157.327
1213	260034.0598	3681157.494
1214	260034.1732	3681157.662
1215	260034.2862	3681157.829
1216	260034.3995	3681157.996
1217	260034.5129	3681158.164
1218	260034.6262	3681158.332
1219	260034.7393	3681158.499
1220	260034.8522	3681158.666
1221	260034.9655	3681158.833
1222	260035.0792	3681159.001
1223	260035.1922	3681159.168
1224	260035.3055	3681159.336
1225	260035.4188	3681159.503
1226	260035.5321	3681159.671
1227	260035.646		3681159.838
1228	260035.7683	3681160
1229	260035.8929	3681160.158
1230	260036.0199	3681160.313
1231	260036.1495	3681160.467
1232	260036.2812	3681160.618
1233	260036.4149	3681160.769
1234	260036.5509	3681160.918
1235	260036.6885	3681161.064
1236	260036.8289	3681161.208
1237	260036.9714	3681161.35
1238	260037.1162	3681161.491
1239	260037.2626	3681161.629
1240	260037.4104	3681161.765
1241	260037.5599	3681161.899
1242	260037.7114	3681162.03
1243	260037.8653	3681162.16
1244	260038.0213	3681162.287
1245	260038.1792	3681162.413
1246	260038.3377	3681162.536
1247	260038.4984	3681162.656
1248	260038.6607	3681162.774
1249	260038.8255	3681162.89
1250	260038.991		3681163.004
1251	260039.1586	3681163.115
1252	260039.3271	3681163.224
1253	260039.4972	3681163.33
1254	260039.6692	3681163.433
1255	260039.8427	3681163.535
1256	260040.0178	3681163.634
1257	260040.1942	3681163.73
1258	260040.3713	3681163.824
1259	260040.5499	3681163.915
1260	260040.731		3681164.004
1261	260040.9127	3681164.091
1262	260041.0951	3681164.174
1263	260041.2784	3681164.255
1264	260041.4633	3681164.334
1265	260041.6495	3681164.409
1266	260041.8377	3681164.483
1267	260042.0262	3681164.554
1268	260042.2149	3681164.621
1269	260042.4046	3681164.686
1270	260042.5951	3681164.748
1271	260042.7874	3681164.808
1272	260042.981		3681164.865
1273	260043.1741	3681164.919
1274	260043.368		3681164.97
1275	260043.5623	3681165.018
1276	260043.7573	3681165.064
1277	260043.9531	3681165.107
1278	260044.1507	3681165.148
1279	260044.3476	3681165.185
1280	260044.5449	3681165.22
1281	260044.7429	3681165.251
1282	260044.942		3681165.28
1283	260045.1408	3681165.306
1284	260045.3397	3681165.33
1285	260045.5388	3681165.35
1286	260045.7384	3681165.367
1287	260045.9388	3681165.382
1288	260046.14		3681165.395
1289	260046.3408	3681165.404
1290	260046.5415	3681165.409
1291	260046.7415	3681165.413
1292	260046.9418	3681165.413
1293	260047.1428	3681165.411
1294	260047.3429	3681165.406
1295	260047.5438	3681165.398
1296	260047.7444	3681165.387
1297	260047.9441	3681165.373
1298	260048.1443	3681165.356
1299	260048.344		3681165.338
1300	260048.5434	3681165.315
1301	260048.7422	3681165.289
1302	260048.9402	3681165.261
1303	260049.1385	3681165.231
1304	260049.3369	3681165.198
1305	260049.5339	3681165.161
1306	260049.731		3681165.122
1307	260049.9266	3681165.08
1308	260050.122		3681165.035
1309	260050.3172	3681164.987
1310	260050.5119	3681164.937
1311	260050.708		3681164.884
1312	260050.9013	3681164.827
1313	260051.0932	3681164.768
1314	260051.2837	3681164.707
1315	260051.4744	3681164.643
1316	260051.6637	3681164.576
1317	260051.8528	3681164.507
1318	260052.0404	3681164.434
1319	260052.2261	3681164.359
1320	260052.4109	3681164.282
1321	260052.5953	3681164.202
1322	260052.7785	3681164.12
1323	260052.9609	3681164.034
1324	260053.141		3681163.945
1325	260053.3196	3681163.855
1326	260053.4975	3681163.762
1327	260053.6745	3681163.667
1328	260053.8506	3681163.569
1329	260054.024		3681163.468
1330	260054.1965	3681163.364
1331	260054.3668	3681163.259
1332	260054.5362	3681163.152
1333	260054.7049	3681163.041
1334	260054.8713	3681162.929
1335	260055.0362	3681162.813
1336	260055.1988	3681162.695
1337	260055.3599	3681162.575
1338	260055.5203	3681162.453
1339	260055.6784	3681162.33
1340	260055.8256	3681162.193
1341	260055.9601	3681162.044
1342	260056.0895	3681161.89
1343	260056.2124	3681161.731
1344	260056.3293	3681161.566
1345	260056.4401	3681161.398
1346	260056.5438	3681161.226
1347	260056.641		3681161.05
1348	260056.7319	3681160.871
1349	260056.8162	3681160.686
1350	260056.8927	3681160.499
1351	260056.9621	3681160.311
1352	260057.0245	3681160.12
1353	260057.0795	3681159.926
1354	260057.1276	3681159.729
1355	260057.1676	3681159.531
1356	260057.1998	3681159.332
1357	260057.2252	3681159.133
1358	260057.2427	3681158.933
1359	260057.252		3681158.731
1360	260057.2538	3681158.528
1361	260057.2481	3681158.326
1362	260057.2346	3681158.125
1363	260057.2139	3681157.925
1364	260057.1849	3681157.726
1365	260057.1488	3681157.527
1366	260057.1044	3681157.33
1367	260057.0536	3681157.135
1368	260056.9948	3681156.943
1369	260056.9289	3681156.752
1370	260056.8555	3681156.564
1371	260056.7643	3681156.385
1372	260056.6719	3681156.205
1373	260056.5791	3681156.024
1374	260056.4866	3681155.843
1375	260056.3945	3681155.664
1376	260056.3021	3681155.484
1377	260056.2093	3681155.303
1378	260056.117		3681155.123
1379	260056.0245	3681154.943
1380	260055.9319	3681154.762
1381	260055.8398	3681154.583
1382	260055.7477	3681154.404
1383	260055.6556	3681154.224
1384	260055.5635	3681154.044
1385	260055.4715	3681153.865
1386	260055.3789	3681153.685
1387	260055.2865	3681153.505
1388	260055.1944	3681153.325
1389	260055.102		3681153.145
1390	260055.0099	3681152.966
1391	260054.9177	3681152.786
1392	260054.8253	3681152.606
1393	260054.733		3681152.426
1394	260054.6407	3681152.246
1395	260054.5486	3681152.067
1396	260054.4567	3681151.888
1397	260054.3646	3681151.708
1398	260054.2724	3681151.528
1399	260054.1801	3681151.349
1400	260054.088		3681151.169
1401	260053.996		3681150.99
1402	260053.9039	3681150.81
1403	260053.8118	3681150.631
1404	260053.7198	3681150.451
1405	260053.628		3681150.273
1406	260053.5361	3681150.094
1407	260053.4443	3681149.915
1408	260053.3524	3681149.735
1409	260053.2604	3681149.556
1410	260053.1687	3681149.377
1411	260053.0769	3681149.199
1412	260052.9852	3681149.02
1413	260052.8936	3681148.841
1414	260052.8017	3681148.662
1415	260052.7099	3681148.483
1416	260052.6183	3681148.305
1417	260052.5267	3681148.126
1418	260052.4351	3681147.948
1419	260052.3434	3681147.769
1420	260052.2518	3681147.591
1421	260052.1601	3681147.412
1422	260052.0684	3681147.233
1423	260051.9769	3681147.055
1424	260051.8853	3681146.876
1425	260051.7937	3681146.698
1426	260051.702		3681146.519
1427	260051.6103	3681146.341
1428	260051.5187	3681146.162
1429	260051.427		3681145.983
1430	260051.3354	3681145.805
1431	260051.2439	3681145.627
1432	260051.1524	3681145.448
1433	260051.0607	3681145.27
1434	260050.9689	3681145.091
1435	260050.8772	3681144.912
1436	260050.7856	3681144.734
1437	260050.694		3681144.555
1438	260050.6022	3681144.377
1439	260050.5105	3681144.198
1440	260050.4187	3681144.019
1441	260050.3268	3681143.84
1442	260050.2351	3681143.661
1443	260050.1435	3681143.483
1444	260050.0518	3681143.304
1445	260049.9601	3681143.126
1446	260049.8684	3681142.947
1447	260049.7764	3681142.768
1448	260049.6846	3681142.589
1449	260049.5925	3681142.409
1450	260049.5007	3681142.23
1451	260049.4088	3681142.051
1452	260049.317		3681141.873
1453	260049.225		3681141.693
1454	260049.133		3681141.514
1455	260049.0411	3681141.335
1456	260048.9489	3681141.155
1457	260048.857		3681140.976
1458	260048.7651	3681140.797
1459	260048.6732	3681140.618
1460	260048.581		3681140.439
1461	260048.489		3681140.259
1462	260048.3968	3681140.08
1463	260048.3045	3681139.9
1464	260048.2121	3681139.72
1465	260048.1198	3681139.54
1466	260048.0276	3681139.361
1467	260047.9356	3681139.181
1468	260047.8432	3681139.001
1469	260047.7513	3681138.822
1470	260047.659		3681138.643
1471	260047.5666	3681138.462
1472	260047.4741	3681138.282
1473	260047.3814	3681138.102
1474	260047.2888	3681137.921
1475	260047.1961	3681137.741
1476	260047.1036	3681137.56
1477	260047.0112	3681137.38
1478	260046.919		3681137.201
1479	260046.8263	3681137.02
1480	260046.7338	3681136.84
1481	260046.6418	3681136.661
1482	260046.5492	3681136.48
1483	260046.4572	3681136.301
1484	260046.3647	3681136.121
1485	260046.272		3681135.94
