316671.125755088	4158039.02046042	
316671.257537064	4158038.98424488	3
316671.415822479	4158038.94744399	3
316671.530180571	4158038.92271494	3
316671.670797028	4158038.88630428	3
316671.873254846	4158038.8485278	3
316672.031295194	4158038.80063067	3
316672.215838984	4158038.75214818	3
316672.453144583	4158038.69139874	3
316672.620264489	4158038.65440275	3
316672.769960506	4158038.62889325	3
316672.998921774	4158038.59053144	3
316673.139783314	4158038.56521706	3
316673.289724405	4158038.55080382	3
316673.430831016	4158038.53658569	3
316673.598441068	4158038.52178222	3
316673.809978451	4158038.49490692	3
316674.003846874	4158038.46842185	3
316674.118450046	4158038.45478909	3
316674.33047757	4158038.4501063	3
316674.648273786	4158038.43198588	3
316674.754532616	4158038.44074073	3
316674.869380859	4158038.43820423	3
316675.072573903	4158038.43371658	3
316675.178832732	4158038.44247144	3
316675.284846494	4158038.44013006	3
316675.488039535	4158038.43564241	3
316675.700067058	4158038.43095966	3
316675.89442562	4158038.42666714	3
316676.088784184	4158038.42237462	3
316676.283142746	4158038.41808211	3
316676.389156507	4158038.41574074	3
316676.504004748	4158038.41320426	3
316676.671614804	4158038.39840085	3
316676.839469926	4158038.39469369	3
316677.006344786	4158038.34660154	3
316677.111378287	4158038.29987518	3
316677.226226529	4158038.29733871	3
316677.341564902	4158038.31699474	3
316677.456658208	4158038.32555453	3
316677.615188722	4158038.29985	3
316677.7297919	4158038.28621729	3
316677.844885207	4158038.29477707	3
316677.968812994	4158038.30314175	3
316678.091760523	4158038.26712143	3
316678.214953118	4158038.24219736	3
316678.373483635	4158038.21649285	3
316678.489067068	4158038.24724514	3
316678.639498295	4158038.25502449	3
316678.762445828	4158038.21900419	3
316678.867479339	4158038.17227785	3
316678.973248039	4158038.15884027	3
316679.0966857	4158038.14501246	3
316679.210308631	4158038.08699478	3
316679.324176627	4158038.04007334	3
316679.44761429	4158038.02624554	3
316679.562217473	4158038.01261285	3
316679.676330533	4158037.97678767	3
316679.772284509	4158037.9191602	3
316679.886397571	4158037.88333502	3
316679.991676153	4158037.84770495	3
316680.105789216	4158037.81187978	3
316680.219412159	4158037.7538621	3
316680.323955561	4158037.68494329	3
316680.47291643	4158037.62614518	3
316680.587029497	4158037.59032001	3
316680.682983484	4158037.53269256	3
316680.769857931	4158037.46416397	3
316680.875136521	4158037.42853391	3
316681.024342458	4158037.38083206	3
316681.128885871	4158037.31191326	3
316681.215515263	4158037.23228843	3
316681.320793859	4158037.19665837	3
316681.425827395	4158037.14993207	3
316681.556384139	4158037.05823545	3
316681.64301354	4158036.97861063	3
316681.791974429	4158036.91981254	3
316681.932590956	4158036.88340207	3
316682.028299901	4158036.81467838	3
316682.140942635	4158036.71227574	3
316682.237141701	4158036.66574456	3
316682.351254788	4158036.62991941	3
316682.429049718	4158036.5504897	3
316682.515924189	4158036.48196113	3
316682.62905705	4158036.40175099	3
316682.759613819	4158036.31005439	3
316682.854342547	4158036.19694572	3
316682.932137485	4158036.11751602	3
316683.009932425	4158036.03808631	3
316683.096561849	4158035.9584615	3
316683.16552231	4158035.8792269	3
316683.243317254	4158035.7997972	3
316683.311787604	4158035.69837011	3
316683.415105773	4158035.57397009	3
316683.483576127	4158035.472543	3
316683.53413246	4158035.36040987	3
316683.602602817	4158035.25898278	3
316683.688987198	4158035.16826173	3
316683.791815268	4158035.02166922	3
316683.833537124	4158034.90973119	3
316683.89292795	4158034.79740296	3
316683.988391879	4158034.71758306	3
316684.065696732	4158034.61596086	3
316684.142021363	4158034.46995368	3
316684.201412196	4158034.35762545	3
316684.27896211	4158034.26709951	3
316684.347432485	4158034.16567242	3
316684.397253674	4158034.02025055	3
316684.420571409	4158033.875414	3
316684.48904179	4158033.77398692	3
316684.5300285	4158033.62876015	3
316684.553836349	4158033.5061161	3
316684.59580328	4158033.40527433	3
316684.645624477	4158033.25985246	3
316684.678511871	4158033.14810956	3
316684.69348524	4158033.02566061	3
316684.717783203	4158032.92520905	3
316684.7506706	4158032.81346614	3
316684.783557997	4158032.70172323	3
316684.834114366	4158032.58959011	3
316684.865776494	4158032.42236596	3
316684.880014704	4158032.26662826	3
316684.895233131	4158032.15527556	3
316684.89180237	4158031.99992808	3
316684.898186313	4158031.88877048	3
316684.904570256	4158031.77761289	3
316684.902119712	4158031.6666504	3
316684.907523439	4158031.51110781	3
316684.913907382	4158031.39995022	3
316684.937960301	4158031.28840241	3
316684.926430217	4158031.16653878	3
316684.897476212	4158031.0561616	3
316684.920793968	4158030.91132505	3
316684.944846889	4158030.79977725	3
316684.933561859	4158030.68900986	3
316684.913197286	4158030.56734133	3
316684.928415721	4158030.45598863	3
316684.916395526	4158030.3119325	3
316684.878361977	4158030.19065418	3
316684.867076945	4158030.0798868	3
316684.891129868	4158029.96833899	3
316684.888434271	4158029.84628025	3
316684.840831067	4158029.69190829	3
316684.838380524	4158029.5809458	3
316684.86243345	4158029.469398	3
316684.868082234	4158029.32495166	3
316684.865386638	4158029.20289292	3
316684.861710825	4158029.03644919	3
316684.859015229	4158028.91439045	3
316684.81141202	4158028.76001848	3
316684.782458007	4158028.64964131	3
316684.80504061	4158028.47151601	3
316684.846272411	4158028.3373855	3
316684.861000743	4158028.20384031	3
316684.849470656	4158028.08197667	3
316684.864444042	4158027.95952772	3
316684.906165956	4158027.84758971	3
316684.939298435	4158027.74694305	3
316684.971450698	4158027.6019114	3
316685.01341767	4158027.50106964	3
316685.064464187	4158027.41112902	3
316685.10643116	4158027.31028726	3
316685.121404553	4158027.18783831	3
316685.144232223	4158027.02080927	3
316685.203868184	4158026.9195773	3
316685.2637492	4158026.82944158	3
316685.323630217	4158026.73930586	3
316685.409769659	4158026.63748858	3
316685.469405627	4158026.53625661	3
316685.537876089	4158026.43482954	3
316685.624505643	4158026.35520476	3
316685.728069025	4158026.24190103	3
316685.814943636	4158026.1733725	3
316685.9020633	4158026.11594022	3
316685.988447808	4158026.0252192	3
316686.066242878	4158025.94578953	3
316686.161951989	4158025.8770659	3
316686.258151203	4158025.83053477	3
316686.354105368	4158025.7729074	3
316686.484417299	4158025.67011462	3
316686.579881364	4158025.59029474	3
316686.684424976	4158025.52137602	3
316686.798293184	4158025.47445469	3
316686.938664875	4158025.42694806	3
316687.043453542	4158025.36912559	3
316687.14799716	4158025.30020687	3
316687.260640121	4158025.19780431	3
316687.374753388	4158025.16197924	3
316687.489111706	4158025.13725042	3
316687.585310937	4158025.09071931	3
316687.690099613	4158025.03289684	3
316687.803967833	4158024.98597553	3
316687.918571205	4158024.97234297	3
316688.059678058	4158024.9581251	3
316688.20839416	4158024.88823089	3
316688.357845411	4158024.85162544	3
316688.499197315	4158024.84850383	3
316688.64054922	4158024.84538222	3
316688.746073052	4158024.82084852	3
316688.851596884	4158024.79631482	3
316688.966445306	4158024.79377851	3
316689.072704284	4158024.80253356	3
316689.214791334	4158024.83270071	3
316689.329639757	4158024.83016442	3
316689.444488179	4158024.82762812	3
316689.560071744	4158024.85838058	3
316689.666575767	4158024.87823188	3
316689.808417765	4158024.89730279	3
316689.923266188	4158024.8947665	3
316690.046704055	4158024.88093887	3
316690.161797524	4158024.88949883	3
316690.285970533	4158024.90895995	3
316690.437137115	4158024.95002827	3
316690.551985535	4158024.94749199	3
316690.66658891	4158024.93385946	3
316690.817755489	4158024.97492779	3
316690.924749598	4158025.01697161	3
316691.022909212	4158025.05921053	3
316691.112479378	4158025.11274079	3
316691.229043113	4158025.18787826	3
316691.398613807	4158025.26184515	3
316691.540945884	4158025.30310859	3
316691.639350535	4158025.35644377	3
316691.720576289	4158025.43236163	3
316691.819716073	4158025.51898555	3
316691.909286227	4158025.57251583	3
316692.034929486	4158025.65855446	3
316692.124744682	4158025.72318099	3
316692.215785097	4158025.84328876	3
316692.288176348	4158025.91940172	3
316692.36130273	4158026.02880344	3
316692.416270036	4158026.11640285	3
316692.462647893	4158026.21529361	3
316692.517860242	4158026.31398927	3
316692.590251486	4158026.39010224	3
316692.662642729	4158026.46621521	3
316692.736259189	4158026.59780943	3
316692.809140515	4158026.6961149	3
316692.855763408	4158026.80610191	3
316692.893551808	4158026.91628401	3
316692.96643313	4158027.01458948	3
316693.056493347	4158027.09031226	3
316693.120295132	4158027.17771658	3
316693.158573614	4158027.31009119	3
316693.205196499	4158027.4200782	3
316693.313905863	4158027.53979579	3
316693.377707642	4158027.62720011	3
316693.406661541	4158027.73757731	3
316693.426780949	4158027.84814961	3
316693.481993277	4158027.94684527	3
316693.537205603	4158028.04554094	3
316693.557325009	4158028.15611323	3
316693.569345051	4158028.30016937	3
316693.607868565	4158028.44364023	3
316693.645901992	4158028.56491858	3
316693.667001565	4158028.71987588	3
316693.661597669	4158028.87541845	3
316693.673617711	4158029.01947459	3
316693.721220751	4158029.1738466	3
316693.716061897	4158029.34048542	3
316693.709922874	4158029.46273926	3
316693.766605443	4158029.62801242	3
316693.795804375	4158029.74948587	3
316693.790400479	4158029.90502845	3
316693.76659248	4158030.02767247	3
316693.769532988	4158030.16082745	3
316693.816400895	4158030.28191072	3
316693.872838414	4158030.43608763	3
316693.90277247	4158030.59084983	3
316693.950865584	4158030.76741433	3
316694.033806561	4158030.92100596	3
316694.116502492	4158031.06350134	3
316694.128277484	4158031.19646123	3
316694.149377046	4158031.35141853	3
316694.187655496	4158031.48379313	3
316694.279185907	4158031.62609342	3
316694.343232689	4158031.724594	3
316694.408259637	4158031.86747957	3
316694.428869109	4158032.00024437	3
316694.475736998	4158032.12132763	3
316694.548863302	4158032.23072936	3
316694.630579048	4158032.32883975	3
316694.685791335	4158032.42753543	3
316694.732659218	4158032.54861869	3
316694.80676568	4158032.70240542	3
316694.933143927	4158032.82173284	3
316694.996945652	4158032.90913718	3
316695.052402973	4158033.0189291	3
316695.125284221	4158033.11723459	3
316695.260251902	4158033.22527067	3
316695.351537237	4158033.35647472	3
316695.407974712	4158033.51065164	3
316695.53459798	4158033.64107532	3
316695.624903145	4158033.72789438	3
316695.733367358	4158033.83651575	3
316695.823917559	4158033.93443105	3
316695.950295774	4158034.05375849	3
316696.057779819	4158034.11799487	3
316696.18342291	4158034.20403356	3
316696.256059095	4158034.29124281	3
316696.373357776	4158034.39966909	3
316696.472007329	4158034.46410057	3
316696.570411843	4158034.51743579	3
316696.66047195	4158034.59315861	3
316696.751022132	4158034.69107393	3
316696.84967168	4158034.75550541	3
316696.965500115	4158034.79735421	3
316697.072494066	4158034.8393981	3
316697.198137135	4158034.92543681	3
316697.279607786	4158035.01245097	3
316697.378012287	4158035.06578621	3
316697.493595678	4158035.09653877	3
316697.600589622	4158035.13858267	3
316697.734822125	4158035.21333004	3
316697.833716697	4158035.28885778	3
316697.958624638	4158035.34160775	3
316698.083042504	4158035.37216523	3
316698.189791404	4158035.40311289	3
316698.324268936	4158035.48895652	3
316698.431507907	4158035.54209668	3
316698.55568073	4158035.56155791	3
316698.66218459	4158035.58140933	3
316698.777767968	4158035.6121619	3
316698.919609755	4158035.63123296	3
316699.04353754	4158035.63959795	3
316699.18464422	4158035.62538027	3
316699.290903041	4158035.63413544	3
316699.398142003	4158035.68727561	3
316699.496056412	4158035.71841838	3
316699.611149713	4158035.72697847	3
316699.725752946	4158035.71334606	3
316699.840601212	4158035.7108099	3
316699.947105065	4158035.73066133	3
316700.098271397	4158035.77172982	3
316700.213364698	4158035.78028992	3
316700.319133447	4158035.76685261	3
316700.43324661	4158035.73102771	3
316700.548339909	4158035.73958782	3
316700.698771138	4158035.74736757	3
316700.813129336	4158035.72263893	3
316700.918653053	4158035.69810538	3
316701.033746352	4158035.70666549	3
316701.140495235	4158035.73761318	3
316701.290436397	4158035.72320045	3
316701.44062259	4158035.71988396	3
316701.589828654	4158035.67218249	3
316701.695352374	4158035.64764895	3
316701.810690704	4158035.66730532	3
316701.91694952	4158035.67606052	3
316702.040632268	4158035.67332931	3
316702.154745438	4158035.63750444	3
316702.251189647	4158035.60206974	3
316702.347633856	4158035.56663505	3
316702.462237092	4158035.55300268	3
316702.576840329	4158035.53937031	3
316702.683099145	4158035.54812553	3
