316660.695140074	4158023.37546126	
316660.727035457	4158023.61899335	3
316660.750341428	4158023.87381683	3
316660.765793246	4158024.17322043	3
316660.798178797	4158024.43894503	3
316660.813385529	4158024.72725238	3
316660.828837346	4158025.02665598	3
316660.871772991	4158025.36985919	3
316660.897774903	4158025.74674141	3
316660.923776814	4158026.12362363	3
316660.958368131	4158026.48921447	3
316660.984615125	4158026.87719294	3
316661.019451525	4158027.25388003	3
316661.045208345	4158027.61966601	3
316661.071455337	4158028.00764447	3
316661.097702326	4158028.39562294	3
316661.132538721	4158028.77231003	3
316661.149951218	4158029.16048364	3
316661.184787609	4158029.53717073	3
316661.237292978	4158029.91346756	3
316661.280963855	4158030.28995952	3
316661.324634729	4158030.66645148	3
316661.346960337	4158030.87688996	3
316661.38867052	4158031.16461193	3
316661.402161638	4158031.37524554	3
316661.433321731	4158031.58548889	3
316661.455647336	4158031.79592737	3
316661.486807426	4158032.00617072	3
316661.519683115	4158032.29408782	3
316661.552313719	4158032.57090867	3
316661.576354918	4158032.85902089	3
316661.598435432	4158033.05836313	3
316661.631801289	4158033.36847272	3
316661.654126886	4158033.5789112	3
316661.676207398	4158033.77825344	3
316661.702944535	4158034.18842441	3
316661.734104615	4158034.39866776	3
316661.756675296	4158034.62020249	3
316661.77900089	4158034.83064098	3
316661.775068117	4158035.05276109	3
316661.762055774	4158035.26398009	3
316661.731864635	4158035.49778185	3
316661.65701091	4158035.71036676	3
316661.522031408	4158036.00199132	3
316661.411104503	4158036.182068	3
316661.196369587	4158036.46435249	3
316661.058694161	4158036.63391831	3
316660.948502537	4158036.84728375	3
316660.83806583	4158037.04955293	3
316660.719039735	4158037.2631135	3
316660.600013646	4158037.47667407	3
316660.489576958	4158037.67894327	3
316660.379140276	4158037.88121246	3
316660.286617649	4158038.09418764	3
316660.158757104	4158038.30794335	3
316660.004883299	4158038.54447696	3
316659.89469173	4158038.75784241	3
316659.784990343	4158038.99340036	3
316659.701547315	4158039.21727667	3
316659.63577325	4158039.44076272	3
316659.57220499	4158039.76411501	3
316659.52459007	4158040.0094033	3
316659.496849912	4158040.35416756	3
316659.504202583	4158040.68705505	3
316659.51842902	4158040.93097741	3
316659.534861258	4158041.27476602	3
316659.613379926	4158041.62828495	3
316659.66269918	4158041.86033053	3
316659.729687385	4158042.09198585	3
316659.849682446	4158042.32247038	3
316659.945624958	4158042.66450281	3
316660.065374919	4158042.88389109	3
316660.16745592	4158043.10366964	3
316660.304629731	4158043.31157141	3
316660.450147836	4158043.49708555	3
316660.622169359	4158043.68201431	3
316660.750263588	4158043.87901497	3
316660.912960447	4158044.04194636	3
316661.119584586	4158044.19280585	3
316661.317129155	4158044.33276423	3
316661.52301802	4158044.45033499	3
316661.845225559	4158044.63194655	3
316662.077127658	4158044.72673943	3
316662.291360803	4158044.82192258	3
316662.497494725	4158044.9505896	3
316662.643257838	4158045.14720003	3
316662.762517523	4158045.34439585	3
316662.855763956	4158045.56436956	3
316662.940175909	4158045.78453839	3
316662.980660581	4158046.01677912	3
316663.012555863	4158046.26031123	3
316663.008623088	4158046.48243135	3
316663.060393075	4158046.82543945	3
316663.059401317	4158047.18071456	3
316663.037799599	4158047.40322494	3
316663.007608498	4158047.6370267	3
316662.935450811	4158047.97167035	3
316662.878756305	4158048.20605749	3
316662.848075042	4158048.41766675	3
316662.808804396	4158048.64056739	3
316662.787447779	4158048.87417402	3
316662.786456039	4158049.22944914	3
316662.826940706	4158049.46168987	3
316662.902763247	4158049.69315008	3
316662.987175166	4158049.91331892	3
316663.106924955	4158050.13270724	3
316663.244098588	4158050.34060906	3
316663.415384663	4158050.49224911	3
316663.6948901	4158050.74141388	3
316663.892189392	4158050.87027607	3
316664.097587895	4158050.96565438	3
316664.427649264	4158051.10268591	3
316664.667160207	4158051.14180248	3
316664.897346515	4158051.15892168	3
316665.285817981	4158051.13923987	3
316665.53244781	4158051.10048759	3
316665.778342399	4158051.02844656	3
316666.005587732	4158050.9124108	3
316666.214919055	4158050.78566904	3
316666.397501902	4158050.64841642	3
316666.580084755	4158050.5111638	3
316666.770766841	4158050.34042731	3
316666.925620903	4158050.14827882	3
316667.062560957	4158049.94542434	3
316667.172752533	4158049.73205898	3
316667.25619563	4158049.50818274	3
316667.331049341	4158049.29559789	3
316667.49645346	4158049.18092803	3
316667.284671283	4158049.19670726	3
316667.227007962	4158048.98704926	3
316667.204682515	4158048.77661077	3
316667.146529029	4158048.54476027	3
316667.070461523	4158048.30220377	3
316666.977215231	4158048.08223002	3
316666.821392402	4158047.8303334	3
316666.72545022	4158047.48830091	3
316666.619938319	4158047.11317479	3
316666.56743324	4158046.73687793	3
316666.488669823	4158046.37226269	3
316666.409906398	4158046.00764745	3
316666.419242617	4158045.62998472	3
316666.437903471	4158045.27431936	3
316666.411901799	4158044.89743712	3
316666.394734602	4158044.52035976	3
316666.377322324	4158044.13218615	3
316666.342486175	4158043.75549904	3
316666.289490915	4158043.35700968	3
316666.239681694	4158043.10277157	3
316666.181037995	4158042.84872858	3
316666.139573083	4158042.57210284	3
316666.088783533	4158042.27347973	3
316666.028424262	4158041.94176299	3
316665.967819907	4158041.59895001	3
316665.907215548	4158041.25613703	3
316665.855690744	4158040.92422517	3
316665.775456777	4158040.49303244	3
316665.724667207	4158040.19440933	3
316665.673142392	4158039.86249747	3
316665.621372494	4158039.51948936	3
316665.569602592	4158039.17648126	3
316665.509243287	4158038.84476452	3
316665.457473379	4158038.50175642	3
316665.405703468	4158038.15874831	3
316665.372337759	4158037.8486387	3
316665.330382647	4158037.54982047	3
316665.279347971	4158037.24010111	3
316665.236902692	4158036.91909038	3
316665.167708883	4158036.58756878	3
316665.116184035	4158036.25565692	3
316665.109321763	4158035.94496194	3
316665.092889764	4158035.60117333	3
316665.046033014	4158035.08043011	3
316665.02101161	4158034.74793288	3
316664.995745124	4158034.4043394	3
316664.970478638	4158034.06074592	3
316664.945457232	4158033.72824869	3
316664.919945662	4158033.37355896	3
316664.894679172	4158033.02996548	3
316664.878247169	4158032.68617687	3
316664.853715921	4158032.37587214	3
316664.838999484	4158032.10975728	3
316664.825508454	4158031.89912367	3
316664.811772343	4158031.67739381	3
316664.797791149	4158031.4445677	3
316664.783564875	4158031.20064534	3
316664.76025903	4158030.94582185	3
316664.746277836	4158030.71299574	3
316664.732786804	4158030.50236213	3
316664.710216201	4158030.28082739	3
316664.669486456	4158030.03749041	3
316664.60225324	4158029.79473881	3
316664.52618553	4158029.55218233	3
316664.458952307	4158029.30943073	3
316664.382884591	4158029.06687425	3
316664.30681687	4158028.82431778	3
316664.230258981	4158028.55956881	3
316664.135787024	4158028.28411384	3
316663.99420162	4158027.87647951	3
316663.890650074	4158027.59012342	3
316663.748819566	4158027.17139285	3
316663.662936991	4158026.88464651	3
316663.568465	4158026.60919155	3
316663.473747922	4158026.32264034	3
316663.323082881	4158025.9041049	3
316663.181497405	4158025.49647059	3
316663.060521902	4158025.22160101	3
316662.948380887	4158024.94653631	3
316662.818570874	4158024.67186186	3
316662.697840432	4158024.40808854	3
316662.5768649	4158024.13321898	3
316662.447054864	4158023.85854454	3
316662.31724482	4158023.5838701	3
316662.170255943	4158023.33177842	3
316661.953571419	4158023.12563277	3
316661.685105325	4158022.97613914	3
316661.425718803	4158022.83754665	3
316661.149398533	4158022.73263317	3
316660.865469186	4158022.68339607	3
316660.572950426	4158022.64545036	3
316660.298835916	4158022.64040315	3
316660.060794656	4158022.66786418	3
316659.832323157	4158022.72841883	3
316659.595507337	4158022.81136111	3
316659.385440102	4158022.90481426	3
316659.184697545	4158023.02026478	3
316658.993279666	4158023.15771267	3
316658.820020965	4158023.3169628	3
316658.656332034	4158023.50930655	3
316658.519391689	4158023.71216116	3
316658.391285846	4158023.91482063	3
316658.30759758	4158024.1276007	3
316658.232988904	4158024.35128188	3
316658.193963304	4158024.58527878	3
316658.173341967	4158024.85217417	3
316658.189284058	4158025.17377027	3
316658.241299396	4158025.52787459	3
316658.345586428	4158025.84751936	3
316658.484231071	4158026.12199861	3
316658.657723503	4158026.37350483	3
316658.830970835	4158026.6139148	3
316659.038575776	4158026.80915925	3
316659.307777069	4158026.99194154	3
316659.585812844	4158027.1745287	3
316659.872192924	4158027.33472824	3
316660.106056212	4158027.51829108	3
316660.448139175	4158027.7993786	3
316660.59365752	4158027.98489275	3
316660.705063323	4158028.22666867	3
316660.506292948	4158028.03122905	3
316660.352675372	4158027.87919878	3
316660.181633892	4158027.73865502	3
316659.938200857	4158027.52199857	3
316659.746549327	4158027.24869009	3
316659.636368923	4158027.06239542	3
316659.497234157	4158026.76572366	3
316659.413312133	4158026.56774735	3
316659.355648499	4158026.3580894	3
316659.323262904	4158026.09236481	3
316659.299221625	4158025.80425259	3
316659.303154358	4158025.58213247	3
316659.325246256	4158025.38181458	3
316659.406483653	4158025.05807203	3
316659.472502944	4158024.84568224	3
316659.64208531	4158024.51998839	3
316659.77117152	4158024.36171393	3
316659.997682278	4158024.21238928	3
316660.285789429	4158024.05060248	3
316660.468617894	4158023.92444599	3
316660.642121698	4158023.77629215	3
316660.780042435	4158023.61782257	3
316660.908883596	4158023.44845189	3
316660.854394695	4158023.78270528	3
316660.797700026	4158024.01709242	3
316660.758429267	4158024.23999306	3
316660.793020592	4158024.6055839	3
316660.895346846	4158024.83645871	3
316660.909328144	4158025.06928481	3
316660.834964496	4158025.30406222	3
316660.796183916	4158025.54915536	3
316660.845258109	4158025.77010469	3
316660.855329431	4158025.4257307	3
316660.850182626	4158025.19270947	3
316660.845280906	4158024.97078448	3
316660.875472082	4158024.73698272	3
316660.853391545	4158024.53764049	3
316660.813151843	4158024.31649602	3
316660.764077644	4158024.09554669	3
316660.741506931	4158023.87401196	3
316660.672803047	4158023.56468289	3
316660.678930199	4158023.84208912	3
316660.701746	4158024.0747201	3
316660.68897873	4158024.29703535	3
316660.682116319	4158023.98634036	3
316660.660035777	4158023.78699814	3
316660.62028624	4158023.58804617	3
