316691.527525609	4158053.51272427	
316691.629115554	4158053.71031068	3
316691.720645797	4158053.85261093	3
316691.74935461	4158053.95189188	3
316691.814871553	4158054.11696993	3
316691.854375201	4158054.30482577	3
316691.874249548	4158054.40430182	3
316691.922097563	4158054.56977007	3
316691.933137446	4158054.66944121	3
316691.970925762	4158054.77962331	3
316692.04527716	4158054.94450627	3
316692.181224738	4158055.09692729	3
316692.290423882	4158055.23883735	3
316692.327967144	4158055.33792321	3
316692.446490836	4158055.50183068	3
316692.555935016	4158055.654837	3
316692.656789777	4158055.81913466	3
316692.722061644	4158055.97311647	3
316692.759849946	4158056.08329857	3
316692.7814396	4158056.26044837	3
316692.774810552	4158056.3605097	3
316692.814069125	4158056.5372693	3
316692.888665538	4158056.71324851	3
316692.945593027	4158056.88961792	3
316693.055282227	4158057.05372049	3
316693.138468044	4158057.21840836	3
316693.238832686	4158057.36051353	3
316693.258952057	4158057.47108583	3
316693.271462195	4158057.63733447	3
316693.282502061	4158057.73700562	3
316693.268998913	4158057.92603205	3
316693.237336759	4158058.09325618	3
316693.197085191	4158058.27177165	3
316693.146038806	4158058.36171222	3
316693.114621701	4158058.5400326	3
316693.107992654	4158058.64009394	3
316693.014244256	4158058.79758749	3
316692.945283915	4158058.87682201	3
316692.84245602	4158059.02341442	3
316692.739628129	4158059.17000683	3
316692.609806778	4158059.29499203	3
316692.392621045	4158059.46631321	3
316692.272124254	4158059.61329582	3
316692.186965294	4158059.75949804	3
316692.0915016	4158059.83931787	3
316691.901064308	4158060.02115002	3
316691.813944981	4158060.07858225	3
316691.647805642	4158060.15996286	3
316691.39381184	4158060.26548697	3
316691.246566662	4158060.40195864	3
316691.186685855	4158060.49209433	3
316691.117725546	4158060.57132887	3
316691.015142754	4158060.72901755	3
316690.90372551	4158060.88690133	3
316690.747400847	4158061.01247186	3
316690.563592626	4158061.0942427	3
316690.282115302	4158061.15596715	3
316690.106896493	4158061.22644664	3
316689.959161253	4158061.34072584	3
316689.872532052	4158061.42035059	3
316689.778538699	4158061.56674794	3
316689.718902969	4158061.66797989	3
316689.528710822	4158061.86090835	3
316689.380975601	4158061.97518756	3
316689.206001869	4158062.05676333	3
316689.030538037	4158062.1161466	3
316688.864398765	4158062.19752727	3
316688.716908609	4158062.32290275	3
316688.60524638	4158062.46969031	3
316688.502418608	4158062.61628278	3
316688.399835892	4158062.7739715	3
316688.332836047	4158062.94197605	3
316688.265836204	4158063.10998061	3
316688.20791587	4158063.28888632	3
316688.202757205	4158063.45552516	3
316688.189009139	4158063.63345536	3
316688.166181569	4158063.80048441	3
316688.189731736	4158064.06640419	3
316688.237579785	4158064.23187242	3
316688.303096736	4158064.39695044	3
316688.397077459	4158064.65021316	3
316688.471428856	4158064.81509608	3
316688.554124597	4158064.9575914	3
316688.609336775	4158065.05628704	3
316688.683688164	4158065.22116996	3
316688.7406157	4158065.39753934	3
316688.81545719	4158065.58461477	3
316688.924901322	4158065.73762104	3
316689.141094008	4158065.92157484	3
316689.275816224	4158066.01851456	3
316689.304525035	4158066.1177955	3
316689.396545302	4158066.28228823	3
316689.44463837	4158066.45885272	3
316689.473347178	4158066.55813366	3
316689.521195191	4158066.72360189	3
316689.532235099	4158066.82327304	3
316689.615420906	4158066.98796087	3
316689.707441159	4158067.1524536	3
316689.880441751	4158067.38176792	3
316690.007064638	4158067.51219151	3
316690.14276702	4158067.65351624	3
316690.21736341	4158067.82949543	3
316690.2742909	4158068.00586482	3
316690.295880598	4158068.18301461	3
316690.352563035	4158068.34828775	3
316690.453172657	4158068.50148914	3
316690.579795519	4158068.63191273	3
316690.715007775	4158068.75104497	3
316690.823716685	4158068.87076252	3
316690.967028233	4158068.95641092	3
316691.110829876	4158069.06425182	3
316691.326287284	4158069.21491692	3
316691.499042742	4158069.43313503	3
316691.616831127	4158069.56375373	3
316691.743944051	4158069.71636984	3
316691.92234831	4158069.79014161	3
316692.100752567	4158069.86391339	3
316692.350077434	4158069.94722063	3
316692.518912095	4158069.98789876	3
316692.705170599	4158070.01709045	3
316692.970203974	4158070.01123752	3
316693.137813396	4158069.99643442	3
316693.313767175	4158069.95924372	3
316693.480641462	4158069.91115188	3
316693.629356767	4158069.84125774	3
316693.795986013	4158069.78206965	3
316694.032310648	4158069.6769358	3
316694.180290827	4158069.57375292	3
316694.310112027	4158069.44876773	3
316694.449012723	4158069.3346837	3
316694.578588886	4158069.19860227	3
316694.717734634	4158069.0956145	3
316694.89270826	4158069.01403884	3
316695.068907109	4158068.98794443	3
316695.254430492	4158068.98384743	3
316695.517748593	4158068.90032084	3
316695.6571394	4158068.80842933	3
316695.735179166	4158068.74009598	3
316695.865245445	4158068.62620707	3
316696.073596541	4158068.45508107	3
316696.221821808	4158068.36299447	3
316696.379126568	4158068.28180904	3
316696.546000903	4158068.23371726	3
316696.7126302	4158068.17452923	3
316696.905762841	4158068.11475593	3
316697.063312653	4158068.04466676	3
316697.229451874	4158067.96328624	3
316697.368597674	4158067.86029851	3
316697.507498436	4158067.74621454	3
316697.619405778	4158067.61052334	3
316697.688366082	4158067.53128886	3
316697.843220473	4158067.33914096	3
316698.009114676	4158067.24666421	3
316698.185068528	4158067.20947362	3
316698.421638326	4158067.11543615	3
316698.597837223	4158067.08934182	3
316698.765936785	4158067.09673134	3
316698.924466785	4158067.0710272	3
316699.179195568	4158066.99879206	3
316699.31809637	4158066.88470812	3
316699.457242212	4158066.78172043	3
316699.59614302	4158066.66763648	3
316699.735778945	4158066.5868413	3
316699.911977854	4158066.56074699	3
316700.088176765	4158066.5346527	3
316700.24719685	4158066.53114108	3
316700.423885834	4158066.52723929	3
316700.600084747	4158066.501145	3
316700.776773731	4158066.49724322	3
316700.954442859	4158066.53772644	3
316701.114688121	4158066.58969608	3
316701.266343968	4158066.65295707	3
316701.43566871	4158066.71582788	3
316701.579715278	4158066.83476521	3
316701.731861185	4158066.92021871	3
316701.901185918	4158066.98308953	3
316702.070265614	4158067.0348641	3
316702.231245961	4158067.12012252	3
316702.366213028	4158067.2281587	3
316702.510259572	4158067.34709604	3
316702.602034524	4158067.50049266	3
316702.711233335	4158067.64240285	3
316702.820432143	4158067.78431304	3
316702.903372639	4158067.93790475	3
316703.030240335	4158068.07942477	3
316703.085207284	4158068.16702425	3
316703.179432546	4158068.43138336	3
316703.235624654	4158068.57446408	3
316703.255498843	4158068.67394015	3
316703.358068477	4158068.91591168	3
316703.370823446	4158069.09325658	3
316703.374743969	4158069.27079657	3
316703.352406187	4158069.46001806	3
316703.294240557	4158069.62782741	3
316703.236319963	4158069.806733	3
316703.178154338	4158069.97454235	3
316703.119743683	4158070.13125544	3
316703.088326432	4158070.30957578	3
316703.056909184	4158070.48789611	3
316702.998988602	4158070.6668017	3
316702.896650767	4158070.83558649	3
316702.793577836	4158070.97108252	3
316702.681670463	4158071.10677365	3
316702.551604139	4158071.22066245	3
316702.473564345	4158071.28899573	3
316702.343007958	4158071.38069204	3
316702.089014395	4158071.48621583	3
316701.949378536	4158071.56701098	3
316701.765080392	4158071.62658908	3
316701.589616693	4158071.68597209	3
316701.395749003	4158071.71245654	3
316701.210225686	4158071.7165534	3
316701.024457333	4158071.70955402	3
316700.855867794	4158071.67997197	3
316700.670099441	4158071.6729726	3
316700.563596043	4158071.65312117	3
316700.467152272	4158071.6885559	3
316700.289728287	4158071.65916895	3
316700.094390375	4158071.61907593	3
316700.004820749	4158071.56554559	3
316699.827151722	4158071.52506239	3
316699.728992687	4158071.48282339	3
316699.543224327	4158071.47582404	3
316699.348376482	4158071.45792354	3
316699.153283599	4158071.42892679	3
316698.992058258	4158071.33257219	3
316698.847766685	4158071.20253866	3
316698.721143996	4158071.07211495	3
316698.586176937	4158070.96407883	3
316698.450719797	4158070.83385021	3
316698.350355391	4158070.69174498	3
316698.223242607	4158070.53912878	3
316698.122633155	4158070.3859273	3
316698.03895747	4158070.19904689	3
316697.946937417	4158070.03455407	3
316697.890255142	4158069.86928089	3
316697.789155596	4158069.69388691	3
316697.72339383	4158069.51771257	3
316697.622294276	4158069.3423186	3
316697.611254467	4158069.24264745	3
316697.56979067	4158068.96602159	3
316697.548691211	4158068.81106428	3
316697.564154741	4158068.71080786	3
316697.535446037	4158068.61152689	3
316697.505022047	4158068.43457218	3
316697.46551857	4158068.24671631	3
316697.408591236	4158068.07034688	3
316697.290312846	4158067.9175356	3
316697.207127203	4158067.75284769	3
316697.123941557	4158067.58815979	3
316697.031676419	4158067.41257073	3
316696.919782051	4158067.14860187	3
316696.862609659	4158066.96113619	3
316696.875622774	4158066.74991727	3
316696.854033217	4158066.57276747	3
316696.831953577	4158066.37342517	3
316696.757847402	4158066.21963842	3
316696.665827285	4158066.05514562	3
316696.564972714	4158065.89084791	3
316696.481541998	4158065.71506376	3
316696.389766912	4158065.56166721	3
316696.361058185	4158065.46238625	3
316696.277872502	4158065.29769835	3
316696.212110677	4158065.12152402	3
316696.139719775	4158065.04541103	3
316696.058494422	4158064.96949313	3
316695.948805376	4158064.80539052	3
316695.865374637	4158064.62960638	3
316695.845500353	4158064.53013032	3
316695.81507632	4158064.35317562	3
316695.786367584	4158064.25389466	3
316695.764287916	4158064.05455236	3
316695.779751439	4158063.95429593	3
316695.722824046	4158063.77792651	3
316695.639638336	4158063.61323862	3
316695.567002375	4158063.52602938	3
316695.466392797	4158063.37282793	3
316695.339769944	4158063.24240427	3
316695.247504725	4158063.06681523	3
316695.208246224	4158062.89005562	3
316695.186411585	4158062.70180957	3
316695.19304065	4158062.60174823	3
316695.144947692	4158062.42518372	3
316695.070351371	4158062.24920449	3
316694.915019741	4158062.01949987	3
316694.877476533	4158061.92041401	3
316694.776866925	4158061.76721257	3
316694.69368118	4158061.60252469	3
316694.673806877	4158061.50304864	3
316694.634548358	4158061.32628903	3
316694.586455383	4158061.14972452	3
316694.566581078	4158061.05024847	3
316694.492719866	4158060.90755799	3
316694.383275785	4158060.75455165	3
316694.23873892	4158060.61342194	3
316694.077023229	4158060.49487493	3
316693.94132081	4158060.35355013	3
316693.807333701	4158060.28989908	3
316693.717763916	4158060.23636879	3
316693.592366214	4158060.1614264	3
316693.449544643	4158060.09797045	3
316693.298378703	4158060.0569021	3
316693.130278986	4158060.04951269	3
316692.988682638	4158060.04153799	3
316692.916291665	4158059.96542502	3
316692.758006587	4158060.00222552	3
316692.55530418	4158060.02890526	3
316692.387939601	4158060.05480462	3
316692.194316701	4158060.09238552	3
316692.010263399	4158060.16306008	3
316691.78301801	4158060.27909513	3
316691.696143732	4158060.34762361	3
316691.539574	4158060.46209787	3
316691.391838728	4158060.57637705	3
316691.219805525	4158060.79110776	3
316691.108143231	4158060.93789529	3
316691.014394899	4158061.09538887	3
316690.896348645	4158061.353334	3
316690.838428241	4158061.53223969	3
316690.808726544	4158061.78823382	3
316690.777554557	4158061.97765045	3
316690.763316333	4158062.13338815	3
316690.774356229	4158062.23305929	3
316690.778522061	4158062.42169553	3
316690.808701157	4158062.58755397	3
316690.847959755	4158062.76431356	3
316690.902926866	4158062.85191296	3
316690.968198724	4158063.00589475	3
316691.042305032	4158063.15968145	3
316691.125000741	4158063.30217679	3
316691.233954759	4158063.4329906	3
316691.360822727	4158063.57451045	3
316691.460697237	4158063.69442311	3
316691.61333341	4158063.80206892	3
316691.739221175	4158063.89920378	3
316691.873698341	4158063.9850473	3
316692.052102717	4158064.05881908	3
316692.203758687	4158064.1220799	3
316692.372593465	4158064.16275803	3
316692.541428241	4158064.20343617	3
316692.710017969	4158064.23301806	3
316692.877872556	4158064.22931121	3
316693.045727144	4158064.22560436	3
316693.221435999	4158064.17731742	3
316693.397389903	4158064.14012673	3
316693.56426431	4158064.0920349	3
316693.730648629	4158064.02175057	3
316693.957403847	4158063.88352307	3
316694.096549681	4158063.78053529	3
316694.314225415	4158063.63140664	3
316694.426377811	4158063.50681166	3
316694.538285169	4158063.37112042	3
316694.632278578	4158063.22472313	3
316694.708112999	4158063.05652353	3
316694.826404384	4158062.80967471	3
316694.900278465	4158062.55270512	3
316694.923106174	4158062.3856761	3
316694.936854388	4158062.20774592	3
316694.942013191	4158062.04110709	3
316694.920178544	4158061.85286104	3
316694.907423396	4158061.67551615	3
316694.859575472	4158061.51004788	3
316694.811482502	4158061.33348337	3
316694.754800119	4158061.16821021	3
316694.680693867	4158061.01442348	3
316694.580329289	4158060.87231829	3
316694.462540841	4158060.74169954	3
316694.336162978	4158060.62237214	3
316694.209785111	4158060.50304474	3
316694.119725242	4158060.42732195	3
316693.993592413	4158060.3190908	3
316693.895678262	4158060.28794811	3
316693.769300385	4158060.16862072	3
316693.617154268	4158060.08316736	3
