316733.616002897	4158069.44677576	
316733.745319943	4158069.69925871	3
316733.812305887	4158069.93091456	3
316734.005668955	4158070.28189838	3
316734.101363145	4158070.6128353	3
316734.159024647	4158070.8224937	3
316734.263308278	4158071.14213931	3
316734.418883617	4158071.38294087	3
316734.547955621	4158071.62432759	3
316734.625000929	4158071.91126963	3
316734.712350621	4158072.26459411	3
316734.789395919	4158072.55153614	3
316734.902023969	4158072.84879422	3
316735.005082598	4158073.1129586	3
316735.080167955	4158073.31113065	3
316735.210464867	4158073.60799863	3
316735.365550157	4158073.82660771	3
316735.467628801	4158074.0463871	3
316735.643322836	4158074.39776106	3
316735.719388128	4158074.64031811	3
316735.868823815	4158075.00337348	3
316736.03396845	4158075.27726876	3
316736.129907507	4158075.61930195	3
316736.179714453	4158075.87354041	3
316736.26338921	4158076.06042117	3
316736.393686043	4158076.35728916	3
316736.469016333	4158076.56655747	3
316736.545081586	4158076.80911453	3
316736.603232973	4158077.04096544	3
316736.651814956	4158077.23972266	3
316736.746529026	4158077.52627461	3
316736.804190427	4158077.73593302	3
316736.924182852	4158077.96641858	3
316737.043685294	4158078.17471164	3
316737.164167683	4158078.4273897	3
316737.329312215	4158078.701285	3
316737.485622303	4158078.97537536	3
316737.634567873	4158079.31623826	3
316737.72732199	4158079.51402023	3
316737.848784291	4158079.81108329	3
316738.015153713	4158080.14045985	3
316738.116987235	4158080.34914302	3
316738.274277216	4158080.66761839	3
316738.432302147	4158081.0193825	3
316738.525791189	4158081.25045322	3
316738.67351175	4158081.5358349	3
316738.805033357	4158081.88818417	3
316738.961098357	4158082.1511783	3
316739.071031305	4158082.32637769	3
316739.181699207	4158082.53486583	3
316739.275188214	4158082.76593656	3
316739.477385219	4158083.11672545	3
316739.579708643	4158083.34760113	3
316739.725714237	4158083.55530908	3
316739.937235605	4158083.92809543	3
316740.101400009	4158084.15760579	3
316740.230961644	4158084.42118508	3
316740.359543334	4158084.64037939	3
316740.52689251	4158085.01414099	3
316740.639275233	4158085.30030288	3
316740.733254142	4158085.55356613	3
316740.855941181	4158085.90611047	3
316740.94157562	4158086.18176126	3
316741.009296216	4158086.4467059	3
316741.111619563	4158086.67758161	3
316741.305471947	4158087.05075808	3
316741.418344587	4158087.35911248	3
316741.558210462	4158087.68907424	3
316741.706420784	4158087.99664846	3
316741.808989078	4158088.23862043	3
316741.930941093	4158088.55787604	3
316742.071051914	4158088.89893405	3
316742.27447358	4158089.30520424	3
316742.377286825	4158089.55827246	3
316742.478875156	4158089.75585943	3
316742.608681622	4158090.03053501	3
316742.701190538	4158090.21722079	3
316742.758606742	4158090.41578299	3
316742.859705091	4158090.59117747	3
316743.008650266	4158090.93204046	3
316743.119072988	4158091.1294324	3
316743.287891815	4158091.56977153	3
316743.363221822	4158091.7790399	3
316743.447631225	4158091.99920947	3
316743.496212983	4158092.19796673	3
316743.681720691	4158092.59353079	3
316743.783063976	4158092.78002153	3
316743.832135685	4158093.00097128	3
316743.980345842	4158093.30854554	3
316744.110152212	4158093.58322114	3
316744.390388666	4158093.86567724	3
316744.439705333	4158094.09772325	3
316744.584225605	4158094.63851378	3
316744.67034981	4158094.93635711	3
316744.756229031	4158095.22310418	3
316744.860756995	4158095.55384617	3
316744.982463828	4158095.86200557	3
316745.092396487	4158096.03720503	3
316745.195454559	4158096.30136953	3
316745.29900258	4158096.58772652	3
316745.41972947	4158096.85150093	3
316745.531376958	4158097.10437414	3
316745.672222446	4158097.47872096	3
316745.775280483	4158097.74288546	3
316745.889132754	4158098.09562492	3
316745.974521951	4158098.36017951	3
316746.08567945	4158098.59086022	3
316746.242723852	4158098.89823947	3
316746.417437069	4158099.20522864	3
316746.572521629	4158099.42383791	3
316746.682454213	4158099.59903739	3
316746.91188871	4158099.98253006	3
316747.058873763	4158100.23462312	3
316747.197269374	4158100.49800747	3
316747.344499386	4158100.76119679	3
316747.428663635	4158100.97027015	3
316747.557979836	4158101.2227533	3
316747.689745791	4158101.58619894	3
316747.819061976	4158101.8386821	3
316748.023218015	4158102.27824116	3
316748.161613565	4158102.54162553	3
316748.309088491	4158102.81591111	3
316748.446749098	4158103.04600673	3
316748.575575291	4158103.2762974	3
316748.686732661	4158103.50697815	3
316748.816293764	4158103.77055757	3
316748.954444293	4158104.0228457	3
316749.110753576	4158104.29693625	3
316749.322764006	4158104.69191531	3
316749.470483835	4158104.97729716	3
316749.635382517	4158105.24009643	3
316749.765188541	4158105.51477211	3
316749.968854453	4158105.93213872	3
316750.080746673	4158106.19610823	3
316750.1658907	4158106.44956661	3
316750.267968611	4158106.66934617	3
316750.361947033	4158106.92260951	3
316750.473594257	4158107.17548278	3
316750.578856796	4158107.53951357	3
316750.681669604	4158107.79258188	3
316750.712582318	4158107.99172925	3
316750.693183313	4158108.31410557	3
316750.654890643	4158108.58139074	3
316750.555982024	4158108.90552241	3
316750.473027407	4158109.15159026	3
316750.303198618	4158109.46618599	3
316750.13238995	4158109.73639672	3
316749.917899236	4158110.02977515	3
316749.718872573	4158110.22289727	3
316749.485243241	4158110.4500883	3
316749.198607519	4158110.67844957	3
316748.815528337	4158110.94224503	3
316748.606197469	4158111.06898473	3
316748.327661264	4158111.26386224	3
316748.109740987	4158111.40189324	3
316747.926668362	4158111.51695158	3
316747.569357526	4158111.74687324	3
316747.237569996	4158111.93182479	3
316747.036828596	4158112.04727324	3
316746.73080935	4158112.19835094	3
316746.538657384	4158112.30250811	3
316746.215459317	4158112.47616841	3
316745.944777695	4158112.62646597	3
316745.664526745	4158112.74366984	3
316745.375441404	4158112.86106876	3
316745.112614284	4158112.96678631	3
316744.684873384	4158113.20936469	3
316744.413456867	4158113.32637356	3
316744.106702767	4158113.44416261	3
316743.853445024	4158113.5829739	3
316743.564114753	4158113.68927664	3
316743.265950091	4158113.79577443	3
316743.003123026	4158113.90149205	3
316742.723117139	4158114.02979227	3
316742.45145569	4158114.13570495	3
316742.171204835	4158114.25290894	3
316741.899788384	4158114.36991789	3
316741.646775689	4158114.51982551	3
316741.384928605	4158114.66992817	3
316741.105167754	4158114.8093247	3
316740.860499508	4158114.93684479	3
316740.589083096	4158115.05385378	3
316740.353494249	4158115.19227509	3
316740.073978418	4158115.3427679	3
316739.689184814	4158115.52889006	3
316739.426602832	4158115.64570405	3
316739.171630309	4158115.70684174	3
316738.916657789	4158115.76797945	3
316738.706837205	4158115.87252691	3
316738.487692253	4158115.95507692	3
316738.110998135	4158116.10771536	3
316737.787555389	4158116.27027976	3
316737.401291928	4158116.38982453	3
316737.077849206	4158116.55238896	3
316736.867293688	4158116.62364771	3
316736.570109174	4158116.77453075	3
316736.351209257	4158116.86817707	3
316736.105806161	4158116.96240856	3
316735.851568677	4158117.05683511	3
316735.632913768	4158117.1615777	3
316735.352908094	4158117.28987818	3
316735.090081229	4158117.39559606	3
316734.844433166	4158117.47873133	3
316734.643202072	4158117.57198759	3
316734.337183236	4158117.72306577	3
316734.013250629	4158117.86343782	3
316733.697417437	4158117.97032607	3
316733.442935011	4158118.05365645	3
316733.22550514	4158118.21388035	3
316732.972002714	4158118.34159574	3
316732.701076507	4158118.48079751	3
316732.447329099	4158118.59741666	3
316732.009774446	4158118.79580579	3
316731.853695367	4158118.93247182	3
316731.582279199	4158119.04948112	3
316731.233313507	4158119.25701596	3
316730.953307965	4158119.38531659	3
316730.725573781	4158119.47915812	3
316730.507163995	4158119.5949971	3
316730.315257389	4158119.71025091	3
316730.009238704	4158119.86132925	3
316729.808252719	4158119.96568188	3
316729.379287583	4158120.15277984	3
316729.107626484	4158120.25869297	3
316728.915229907	4158120.35175431	3
316728.573138698	4158120.47032421	3
316728.362093335	4158120.51939069	3
316727.941472641	4158120.68410116	3
316727.748341071	4158120.74387378	3
316727.51250758	4158120.87119922	3
316727.232747151	4158121.01059623	3
316726.838874676	4158121.18581782	3
316726.558624256	4158121.30302236	3
316726.208433743	4158121.45507616	3
316725.902660198	4158121.61725091	3
316725.674681118	4158121.69999634	3
316725.342159416	4158121.85166005	3
316725.105100952	4158121.92350431	3
316724.834174983	4158122.06270634	3
316724.536500849	4158122.19139732	3
316724.229747324	4158122.30918714	3
316723.92225878	4158122.39368821	3
316723.676855972	4158122.48792008	3
316723.378691847	4158122.59441861	3
316723.020157075	4158122.76886012	3
316722.79168803	4158122.82941313	3
316722.599046565	4158122.91137838	3
316722.309961868	4158123.02877813	3
316722.020877178	4158123.14617789	3
316721.600011714	4158123.29979244	3
316721.372032719	4158123.38253799	3
316721.152398089	4158123.44289598	3
316720.96859104	4158123.52466619	3
316720.722698266	4158123.59670565	3
316720.397541024	4158123.681597	3
316720.054715012	4158123.76687851	3
316719.825755982	4158123.8052391	3
316719.500843769	4158123.90122674	3
316719.307957342	4158123.97209581	3
316718.956786995	4158124.07976493	3
316718.667702385	4158124.19716481	3
316718.448312808	4158124.26861912	3
316718.141069401	4158124.36421667	3
316717.789899085	4158124.47188584	3
316717.508668814	4158124.54470569	3
316717.307193049	4158124.62686614	3
316717.096392862	4158124.68702916	3
316716.885347659	4158124.73609594	3
316716.489760419	4158124.83364429	3
316716.296629016	4158124.89341718	3
316716.006564384	4158124.96643216	3
316715.734413551	4158125.05015324	3
316715.294899427	4158125.15977328	3
316714.995755404	4158125.22188712	3
316714.67059827	4158125.3067787	3
316714.372434346	4158125.41327756	3
316714.064700976	4158125.48668276	3
316713.791815106	4158125.53711516	3
316713.475002333	4158125.59961921	3
316713.131196358	4158125.64051601	3
316712.849721137	4158125.70223977	3
316712.541252711	4158125.74235627	3
316712.232784288	4158125.78247279	3
316712.030328494	4158125.82024837	3
316711.616092475	4158125.87380211	3
316711.395722888	4158125.90087162	3
316711.122101962	4158125.91801536	3
316710.849216119	4158125.96844785	3
316710.584429581	4158125.98539653	3
316710.310318603	4158125.9803478	3
316710.046022121	4158126.01948899	3
316709.7741164	4158126.11430653	3
316709.4933763	4158126.20931915	3
316709.291165555	4158126.25819105	3
316708.921836583	4158126.34405827	3
316708.526004461	4158126.43051075	3
316708.323548695	4158126.46828642	3
316708.024404757	4158126.53040051	3
316707.813359642	4158126.57946753	3
316707.399613738	4158126.65521399	3
316707.020225251	4158126.68579513	3
316706.799855695	4158126.71286475	3
316706.588320523	4158126.7397393	3
316706.278872019	4158126.73547104	3
316706.066846782	4158126.7401531	3
316705.862920829	4158126.71135133	3
316705.65825977	4158126.64926081	3
316705.471022443	4158126.57568387	3
316705.274705694	4158126.49120578	3
316705.08697829	4158126.39543635	3
316704.817536096	4158126.20155646	3
316704.647232416	4158126.09430062	3
316704.341717551	4158125.86791235	3
316704.124791566	4158125.65066945	3
316703.863693638	4158125.43440201	3
316703.736336679	4158125.27068949	3
316703.528000012	4158125.04215527	3
316703.382974266	4158124.87883294	3
316703.137339733	4158124.56230909	3
316703.000903322	4158124.38769542	3
316702.855632517	4158124.21327685	3
316702.745454221	4158124.02698167	3
316702.580309286	4158123.75308703	3
316702.479210404	4158123.57769301	3
316702.377866479	4158123.39120275	3
316702.258608735	4158123.19400641	3
316702.18376797	4158123.00693088	3
316702.025742116	4158122.65516741	3
316701.924398172	4158122.46867715	3
316701.840723002	4158122.28179671	3
316701.663068029	4158121.84165342	3
316701.550929363	4158121.56658826	3
316701.446889964	4158121.25803926	3
316701.343585675	4158120.982779	3
316701.24028138	4158120.70751875	3
316701.13673204	4158120.42116225	3
316701.050606438	4158120.12331932	3
316700.964725869	4158119.83657264	3
316700.906818715	4158119.61581818	3
316700.829527492	4158119.31778016	3
316700.74340187	4158119.01993723	3
316700.67543511	4158118.74389662	3
316700.598388912	4158118.45695485	3
316700.463925617	4158117.97145113	3
316700.35227695	4158117.71857848	3
316700.231548841	4158117.45480467	3
316700.1650523	4158117.24534157	3
316700.090211444	4158117.05826605	3
316700.013165215	4158116.77132429	3
316699.954277855	4158116.50618484	3
316699.878211783	4158116.26362808	3
316699.81024498	4158115.98758747	3
316699.733198733	4158115.70064571	3
316699.655907442	4158115.4026077	3
316699.561437434	4158115.12715237	3
316699.475801818	4158114.85150196	3
316699.407589951	4158114.5643651	3
316699.356801836	4158114.26574182	3
316699.29717932	4158113.96731362	3
316699.237801841	4158113.67998168	3
316699.187503801	4158113.4035509	3
316699.130086652	4158113.20498895	3
316699.03120585	4158112.72980114	3
316698.954404599	4158112.45395563	3
316698.893066766	4158112.07785369	3
316698.807186062	4158111.79110703	3
316698.758603296	4158111.59234999	3
316698.644749125	4158111.23961111	3
316698.575066955	4158110.88589677	3
316698.477901404	4158110.48838271	3
316698.429318624	4158110.28962567	3
316698.303444467	4158109.79283064	3
316698.254861682	4158109.59407361	3
316698.206278894	4158109.39531658	3
316698.100523952	4158109.00909386	3
316698.060775563	4158108.81014174	3
316698.003358363	4158108.6115798	3
316697.945696118	4158108.40192162	3
316697.914537084	4158108.19167815	3
316697.848040429	4158107.98221506	3
316697.790378177	4158107.77255688	3
316697.684868244	4158107.39743042	3
316697.636040391	4158107.18757714	3
316697.567338332	4158106.8782478	3
316697.49176221	4158106.65788356	3
316697.46035812	4158106.43654384	3
316697.382086511	4158106.09412085	3
316697.341112879	4158105.83968748	3
316697.274861239	4158105.64132064	3
316697.233642557	4158105.37579102	3
316697.136476898	4158104.97827697	3
316697.075629041	4158104.62436755	3
316697.018211797	4158104.42580562	3
316696.987297778	4158104.2266584	3
316696.879582379	4158103.7516657	3
316696.792231276	4158103.39834156	3
316696.69335027	4158102.92315377	3
316696.632012299	4158102.54705184	3
316696.581959178	4158102.28171732	3
316696.529700654	4158101.91651655	3
316696.46885276	4158101.56260713	3
316696.42910431	4158101.36365501	3
316696.348382183	4158100.91026953	3
316696.279680043	4158100.6009402	3
316696.210487809	4158100.26941838	3
316696.112831971	4158099.84971184	3
316696.045109996	4158099.58476751	3
316695.985732341	4158099.29743559	3
316695.891507115	4158099.03307655	3
316695.806606389	4158098.79071491	3
316695.730785118	4158098.55925443	3
316695.646374473	4158098.3390853	3
316695.605890859	4158098.10684444	3
316695.530314623	4158097.88648021	3
316695.462837663	4158097.63263214	3
316695.422354042	4158097.40039128	3
316695.36444663	4158097.17963686	3
316695.307029308	4158096.98107494	3
316695.255015759	4158096.62697043	3
316695.18778383	4158096.38421861	3
316695.117856393	4158096.01940804	3
316695.030750206	4158095.67718016	3
316695.006955221	4158095.40016411	3
316694.955921839	4158095.0904446	3
316694.89580899	4158094.76982394	3
316694.864404809	4158094.54848423	3
316694.833490721	4158094.34933703	3
316694.747854788	4158094.07368665	3
316694.679642644	4158093.78654984	3
316694.619039686	4158093.44373667	3
316694.514509664	4158093.11299525	3
316694.420284336	4158092.84863622	3
316694.389125187	4158092.63839277	3
316694.302263992	4158092.30726115	3
316694.261290231	4158092.05282779	3
316694.157250275	4158091.74427887	3
316694.078733395	4158091.39075966	3
316694.027454918	4158091.0699439	3
316694.005375227	4158090.8706016	3
316693.94795784	4158090.67203969	3
316693.896679357	4158090.35122394	3
316693.856685766	4158090.14117558	3
316693.777923815	4158089.77656012	3
316693.672413536	4158089.40143371	3
316693.567883439	4158089.07069229	3
316693.419181204	4158088.74092636	3
316693.335505561	4158088.554046	3
316693.251339821	4158088.34497314	3
316693.202021686	4158088.11292738	3
316693.161783023	4158087.89178278	3
316693.057742986	4158087.58323387	3
316693.017994415	4158087.38428177	3
316692.930888079	4158087.04205391	3
316692.888934069	4158086.74323557	3
316692.803298012	4158086.46758521	3
316692.726006283	4158086.16954726	3
316692.686257699	4158085.97059516	3
316692.607740721	4158085.61707596	3
316692.540263602	4158085.3632279	3
316692.473276576	4158085.13157235	3
316692.415123979	4158084.8997217	3
316692.345441412	4158084.54600741	3
316692.27771923	4158084.28106311	3
316692.163619451	4158083.91722805	3
316692.068168722	4158083.59738781	3
316691.954559024	4158083.25574526	3
316691.777147899	4158082.82669841	3
316691.709915788	4158082.58394661	3
316691.678266455	4158082.35151067	3
316691.593365472	4158082.10914907	3
316691.472391602	4158081.83427913	3
316691.368351445	4158081.52573023	3
316691.26357613	4158081.18389259	3
316691.187754611	4158080.95243215	3
316691.102608553	4158080.69897431	3
316691.025316725	4158080.40093637	3
316690.975753448	4158080.15779438	3
316690.943368939	4158079.89206969	3
316690.861911246	4158079.40539551	3
316690.803758576	4158079.17354487	3
316690.763274774	4158078.94130403	3
316690.704386947	4158078.67616464	3
316690.623664386	4158078.22277921	3
316690.547842828	4158077.99131877	3
316690.472266316	4158077.77095458	3
316690.395954649	4158077.51730165	3
316690.328477416	4158077.26345361	3
316690.25167564	4158076.98760818	3
316690.16603942	4158076.71195784	3
316690.089482686	4158076.44720866	3
316690.048508755	4158076.19277533	3
316689.998455332	4158075.92744084	3
316689.892209601	4158075.51902572	3
316689.840685864	4158075.18711374	3
316689.771983344	4158074.87778446	3
316689.714075673	4158074.65703007	3
316689.67383688	4158074.43588549	3
316689.611273227	4158074.00430236	3
316689.560484627	4158073.70567913	3
316689.493987554	4158073.4962161	3
316689.453993804	4158073.28616777	3
316689.405410662	4158073.08741078	3
316689.400509629	4158072.86548579	3
316689.347270502	4158072.45590007	3
316689.322740168	4158072.14559528	3
316689.300660349	4158071.94625299	3
316689.257235866	4158071.58085717	3
316689.231235219	4158071.20397489	3
316689.143393455	4158070.82845832	3
316689.066346544	4158070.54151665	3
316688.951756378	4158070.15548914	3
316688.902928159	4158069.94563591	3
316688.798397688	4158069.61489454	3
316688.749324411	4158069.39394506	3
316688.681111925	4158069.10680829	3
316688.605045196	4158068.86425162	3
316688.491190149	4158068.51151286	3
316688.413898149	4158068.21347494	3
316688.353784935	4158067.89285432	3
316688.30299627	4158067.5942311	3
316688.205584831	4158067.1856209	3
316688.165836085	4158066.98666881	3
316688.134921785	4158066.78752163	3
316688.056159444	4158066.42290622	3
316687.957767771	4158065.96991102	3
316687.924402936	4158065.65980134	3
316687.872388983	4158065.30569688	3
316687.83804393	4158064.9512022	3
316687.79682485	4158064.68567263	3
316687.737201703	4158064.38724451	3
316687.649359824	4158064.01172796	3
316687.600531548	4158063.80187473	3
316687.4947757	4158063.41565214	3
316687.426563137	4158063.12851537	3
316687.377734853	4158062.91866215	3
316687.261674209	4158062.46605717	3
316687.167203323	4158062.19060196	3
316687.109785629	4158061.9920401	3
316687.043288422	4158061.78257708	3
316686.912989595	4158061.4857098	3
316686.81851869	4158061.2102546	3
316686.760610872	4158060.98950023	3
316686.648471046	4158060.71443525	3
316686.554000125	4158060.43898005	3
316686.450204634	4158060.14152746	3
316686.374137778	4158059.89897081	3
316686.332673584	4158059.62234499	3
316686.290964332	4158059.33462292	3
316686.231586163	4158059.04729107	3
316686.198711365	4158058.7593739	3
316686.130253677	4158058.46114089	3
316686.079709958	4158058.17361393	3
316686.055669612	4158057.88550166	3
316686.022304697	4158057.57539199	3
316686.017403599	4158057.353467	3
316685.966859872	4158057.06594004	3
316685.924660492	4158056.75602548	3
316685.908964492	4158056.4455256	3
316685.87510946	4158056.11322343	3
316685.859658513	4158055.8138198	3
316685.845922952	4158055.59208992	3
316685.82679618	4158055.12624256	3
316685.828769103	4158054.81535247	3
316685.812828046	4158054.49375634	3
316685.778973008	4158054.16145418	3
316685.772356524	4158053.86185545	3
316685.782428748	4158053.51748151	3
316685.847468195	4158053.26070694	3
316685.912262594	4158052.99283612	3
316685.977302051	4158052.73606155	3
316686.095103248	4158052.46702011	3
316686.203824932	4158052.18707752	3
316686.322116253	4158051.94022858	3
316686.467401086	4158051.71498683	3
316686.621520393	4158051.48954998	3
316686.79330864	4158051.26372293	3
316686.973686311	4158051.02660452	3
316687.164123722	4158050.84477227	3
316687.337627366	4158050.69661897	3
316687.484627618	4158050.54905099	3
316687.701813504	4158050.37772968	3
316687.919979606	4158050.25079339	3
316688.146245028	4158050.09037324	3
316688.390424445	4158049.94065916	3
316688.652762907	4158049.81274737	3
316688.933260412	4158049.70663789	3
316689.205168507	4158049.61181977	3
316689.468242139	4158049.51719675	3
316689.75806423	4158049.4330847	3
316690.188992765	4158049.33475481	3
316690.461636029	4158049.27322548	3
316690.910478561	4158049.18560167	3
316691.288890404	4158049.11063493	3
316691.649878363	4158049.04715466	3
316692.037124685	4158048.97199285	3
316692.239337271	4158048.92312061	3
316692.53872901	4158048.87210231	3
316692.731862087	4158048.81232892	3
316693.110273959	4158048.73736227	3
316693.312976644	4158048.71068255	3
316693.524268755	4158048.6727115	3
316693.912005193	4158048.61974228	3
316694.202562482	4158048.56891913	3
316694.43176858	4158048.54165416	3
316694.634471272	4158048.51497447	3
316695.014108381	4158048.49548915	3
316695.216566033	4158048.45771323	3
316695.419268729	4158048.43103356	3
316695.727494967	4158048.37982028	3
316696.114986388	4158048.31575492	3
316696.316953967	4158048.25578653	3
316696.67794199	4158048.19230647	3
316696.898068592	4158048.15414041	3
316697.355745703	4158048.06632187	3
316697.646303024	4158048.01549884	3
316697.849495812	4158048.01101173	3
316698.254901236	4158047.95765254	3
316698.527789627	4158047.90721973	3
316698.800923058	4158047.86788317	3
316699.100314862	4158047.8168651	3
316699.31185205	4158047.78999044	3
316699.514309734	4158047.75221463	3
316699.805112112	4158047.71248793	3
316700.078000518	4158047.66205517	3
316700.350153821	4158047.57833367	3
316700.640711173	4158047.52751074	3
316701.04489146	4158047.41867044	3
316701.325879249	4158047.33475389	3
316701.615701513	4158047.25064225	3
316701.870185904	4158047.16731098	3
316702.141849173	4158047.06139704	3
316702.615970164	4158046.91770738	3
316702.92297133	4158046.81101312	3
316703.195124685	4158046.72729171	3
316703.48617214	4158046.69866139	3
316703.766424882	4158046.58145618	3
316704.056002163	4158046.48624838	3
316704.355394039	4158046.43523051	3
316704.601044007	4158046.3520944	3
316704.838104537	4158046.28024964	3
316705.11123804	4158046.24091329	3
316705.577014704	4158046.11961138	3
316705.858247603	4158046.04679123	3
316706.157884529	4158046.00686967	3
316706.466355927	4158045.96675304	3
316706.738999392	4158045.90522425	3
316707.012132913	4158045.86588797	3
316707.301955275	4158045.78177654	3
316707.583678248	4158045.73114895	3
316707.84773228	4158045.68091153	3
316708.128230135	4158045.57480271	3
316708.382469609	4158045.48037539	3
316708.645543557	4158045.385753	3
316708.908617513	4158045.29113062	3
316709.181996083	4158045.26289065	3
316709.455129632	4158045.22355445	3
316709.727528114	4158045.15092952	3
316709.973178166	4158045.06779357	3
316710.413186601	4158044.98036592	3
316710.685585099	4158044.90774102	3
316710.958228623	4158044.84621237	3
316711.283878981	4158044.78351327	3
316711.486581796	4158044.756834	3
316711.829166046	4158044.66045602	3
316712.085120716	4158044.64370256	3
316712.454453412	4158044.55783563	3
316712.798507788	4158044.52803518	3
316713.18648951	4158044.48616312	3
316713.538643311	4158044.42287889	3
316713.795088022	4158044.42831797	3
316714.102579435	4158044.34381664	3
316714.419640373	4158044.29240898	3
316714.832165404	4158044.1611818	3
316715.094259397	4158044.02217462	3
316715.454757671	4158043.93650289	3
316715.77918302	4158043.81832273	3
316716.209132023	4158043.67560922	3
316716.481775618	4158043.61408076	3
316716.833194436	4158043.51750792	3
316717.228295602	4158043.39776724	3
316717.483270265	4158043.33662895	3
316717.844503622	4158043.28424608	3
316718.169909068	4158043.210451	3
316718.486970067	4158043.15904351	3
316718.689427923	4158043.12126817	3
