302453.767669731867000	4123699.365537733771000	
302454.032486017677000	4123699.858701795805000	
302454.339126641513000	4123700.426328751259000	
302454.587646538741000	4123700.889494034462000	
302454.864776665810000	4123701.403135390021000	
302455.221771294251000	4123702.065519421827000	
302455.472366387956000	4123702.531370253768000	
302455.728530939494000	4123703.007322401740000	
302456.062652641849000	4123703.628873916809000	
302456.360000664601000	4123704.183591935318000	
302456.669464166625000	4123704.758482070174000	
302456.979507501819000	4123705.334135145415000	
302457.275344904047000	4123705.883787244093000	
302457.554931694875000	4123706.402433486655000	
302457.922073419206000	4123707.084470838774000	
302458.289367731893000	4123707.766447156202000	
302458.633651789161000	4123708.405851454474000	
302458.987457330339000	4123709.062254043762000	
302459.342071587162000	4123709.720670790412000	
302459.756195124239000	4123710.489835830871000	
302460.170227105380000	4123711.258909315802000	
302460.565307671786000	4123711.993986221030000	
302460.972427422763000	4123712.750242322683000	
302461.356170709827000	4123713.461668103468000	
302461.771072442352000	4123714.230924695730000	
302462.206283624575000	4123715.037229630630000	
302462.658050592523000	4123715.876646132208000	
302463.110351618379000	4123716.717008683830000	
302463.540908867493000	4123717.513670057058000	
302463.973373467743000	4123718.319242567290000	
302464.386642512050000	4123719.088651746977000	
302464.791397149209000	4123719.837217423134000	
302465.224151665694000	4123720.612882705405000	
302465.608703668811000	4123721.324735730421000	
302466.001785332977000	4123722.044981093612000	
302466.403595024720000	4123722.780119031202000	
302466.790222222335000	4123723.488157362677000	
302467.170059259399000	4123724.161985488608000	
302467.575714166509000	4123724.902708145790000	
302467.931373650266000	4123725.546568008605000	
302468.292778070900000	4123726.200895400252000	
302468.677604730416000	4123726.885007947218000	
302469.035385186551000	4123727.523252579384000	
302469.383476312447000	4123728.151212781668000	
302469.748848016025000	4123728.804380508140000	
302470.085716303263000	4123729.407072157133000	
302470.427124078211000	4123730.008268446196000	
302470.793823296321000	4123730.645414443221000	
302471.123970086570000	4123731.235776993446000	
302471.455673272256000	4123731.821104137227000	
302471.793479974498000	4123732.417692276649000	
302472.124206598732000	4123732.984922500327000	
302472.451149042929000	4123733.550382708199000	
302472.751213129610000	4123734.079313367140000	
302473.099494989321000	4123734.685545057524000	
302473.396682795254000	4123735.203367324080000	
302473.715721186367000	4123735.759641735815000	
302474.013877923193000	4123736.278287978843000	
302474.336296135560000	4123736.839384168852000	
302474.640586907859000	4123737.369535537437000	
302475.006111199036000	4123738.006620498374000	
302475.335327203968000	4123738.580198382027000	
302475.686721855891000	4123739.191099257208000	
302476.096664483368000	4123739.904691785574000	
302476.486808831978000	4123740.584776013158000	
302476.920532282151000	4123741.340849009808000	
302477.302192742471000	4123742.008268447127000	
302477.698440605658000	4123742.699583144393000	
302478.080482537975000	4123743.364683240652000	
302478.474464470753000	4123744.053587050177000	
302478.853874260443000	4123744.720274059102000	
302479.226936395862000	4123745.377531140577000	
302479.588226372376000	4123746.034330459312000	
302479.949363764317000	4123746.669096083846000	
302480.309059197782000	4123747.310361950658000	
302480.669509941770000	4123747.955564589705000	
302481.008651789161000	4123748.571561903693000	
302481.337806757190000	4123749.156309216749000	
302481.687324578641000	4123749.782133194618000	
302481.998970086221000	4123750.385496228002000	
302482.332130487019000	4123750.988889785018000	
302482.658515985473000	4123751.582151504699000	
302482.961128288996000	4123752.138944718987000	
302483.283081109112000	4123752.728941052221000	
302483.581031855079000	4123753.274656384252000	
302483.896240289905000	4123753.852048965171000	
302484.219360405579000	4123754.443388074171000	
302484.511726433993000	4123754.976438611280000	
302484.790580805507000	4123755.485624405090000	
302485.095596368948000	4123756.044309707358000	
302485.382103021780000	4123756.568815322127000	
302485.680442863959000	4123757.112211318687000	
302485.975036675110000	4123757.630918589886000	
302486.238868768211000	4123758.112547011580000	
302486.523956353834000	4123758.630247205030000	
302486.805946404464000	4123759.132505506277000	
302487.086784417857000	4123759.626981827430000	
302487.369705255434000	4123760.140714733861000	
302487.623741204967000	4123760.595640271902000	
302487.891693170124000	4123761.075834361371000	
302488.156517083640000	4123761.551176161971000	
302488.434867914417000	4123762.028654189315000	
302488.678772027255000	4123762.467649550177000	
302488.965194757795000	4123762.979856580961000	
302489.340461787069000	4123763.644559951499000	
302489.594589287997000	4123764.090299696196000	
302489.852668817621000	4123764.539518444799000	
302490.225639399025000	4123765.199522107374000	
302490.480484063854000	4123765.646940322593000	
302490.840789850568000	4123766.282072157599000	
302491.094673212734000	4123766.729337786324000	
302491.383651788638000	4123767.238279431593000	
302491.676483209361000	4123767.752439588774000	
302491.967361504794000	4123768.262388322037000	
302492.242584284395000	4123768.747221086640000	
302492.536026055110000	4123769.264127822127000	
302492.812751825433000	4123769.751463027205000	
302493.097084099310000	4123770.252317519858000	
302493.379570062738000	4123770.749601455405000	
302493.642387444852000	4123771.212339490186000	
302493.911796624190000	4123771.686430066358000	
302494.187294061878000	4123772.171690076590000	
302494.441177423229000	4123772.620328994934000	
302494.711242730613000	4123773.095884411596000	
302494.978393608937000	4123773.571592424531000	
302495.229377801879300	4123774.028928845655000	
302495.479286249028500	4123774.467802138533000	
302495.726387079921600	4123774.908872697502000	
302495.977813775884000	4123775.357267468702000	
302496.344474846962800	4123776.006498426199000	
302496.600410516141000	4123776.461759657133000	
302496.945312555879400	4123777.074979874771000	
302497.309227044228500	4123777.721983043477000	
302497.644302423228500	4123778.317075818311000	
302497.979278618586200	4123778.903501600027000	
302498.319458063575400	4123779.501524062362000	
302498.622734124888700	4123780.012968154158000	
302498.908035332569900	4123780.501279923134000	
302499.198570305830800	4123780.977537245490000	
302499.574325617519200	4123781.470304578077000	
302499.962455804634400	4123781.797758192290000	
302500.361549431458100	4123782.104795548134000	
302500.755882317666000	4123782.423521132208000	
302501.247116144513700	4123782.855253312271000	
302501.696373041486400	4123783.255521866027000	
302502.195236260886300	4123783.585111710243000	
302502.655357415322200	4123783.784116836265000	
302503.304634149069900	4123784.124906631652000	
302503.880493217962800	4123784.466917128768000	
302504.481330927112100	4123784.772520157043000	
302505.056282098754300	4123785.039243787527000	
302505.631752068700700	4123785.237516492605000	
302506.162826592684700	4123785.377409073990000	
302506.665390069945700	4123785.410001846030000	
302507.195961054414500	4123785.360868545715000	
302507.782806450617500	4123785.329465956427000	
302508.372833307599600	4123785.361356824636000	
302508.956016596173900	4123785.370634168386000	
302509.519294793193700	4123785.325376602355000	
302510.065834100823800	4123785.168272108771000	
302510.575744683272200	4123785.005827039946000	
302511.201309258758600	4123784.897672743071000	
302511.728179986355800	4123784.791441053618000	
302512.361747797578600	4123784.630521864165000	
302512.921173151233200	4123784.379362196662000	
302513.369514520512900	4123784.093687145505000	
302513.836387689982100	4123783.862547012512000	
302514.316566522116800	4123783.652158828918000	
302514.772560174344100	4123783.418394177221000	
302515.323616083827800	4123783.103269668296000	
302515.845962579245700	4123782.778104871977000	
302516.289230400696400	4123782.544675917830000	
302516.817230279673800	4123782.247648329474000	
302517.353958184947300	4123781.925779434852000	
302517.863952691666800	4123781.619108291809000	
302518.298782404395800	4123781.370573132765000	
302518.835273797158200	4123781.059843152296000	
302519.432312066201100	4123780.714628311805000	
302520.038902336848000	4123780.372434705496000	
302520.590698297484800	4123780.057371229865000	
302521.188179071643400	4123779.726896376349000	
302521.681381281232500	4123779.444913953543000	
302522.175445610540900	4123779.166318983305000	
302522.649215753306600	4123778.898405163549000	
302523.156120354658900	4123778.611173722427000	
302523.634361322969200	4123778.339902968612000	
302524.126388603937800	4123778.061674211174000	
302524.587074334267500	4123777.801359269302000	
302525.060874993156200	4123777.533170789946000	
302525.516990716685500	4123777.274931044783000	
302525.966522272676200	4123777.020139784086000	
302526.408912713290200	4123776.769804091193000	
302526.906158502795700	4123776.488309951033000	
302527.547660883516100	4123776.125272837933000	
302528.003013664740100	4123775.867185684387000	
302528.640152033534800	4123775.512327283621000	
302529.296829279162900	4123775.146940321196000	
302529.914291437366000	4123774.807645886671000	
302530.542556818225400	4123774.458311170340000	
302531.139511162589800	4123774.141141979955000	
302531.736576135852400	4123773.812864394393000	
302532.315647181123500	4123773.508421032690000	
302532.919899040949500	4123773.215269178618000	
302533.497386987088200	4123772.935209366027000	
302534.045558984507800	4123772.694059459493000	
302534.609859520802300	4123772.503110974096000	
302535.177349145175000	4123772.349973769393000	
302535.672050531662500	4123772.207822890021000	
302536.204013878945300	4123772.059019179083000	
302536.714794213068700	4123771.923673721962000	
302537.366672570409700	4123771.775785535574000	
302537.995628411008500	4123771.666318983305000	
302538.608112389571000	4123771.553892228287000	
302539.203468377701900	4123771.425993053708000	
302539.797359521733600	4123771.322477430105000	
302540.364395197248100	4123771.223569959402000	
302540.923072868958100	4123771.092893690336000	
302541.425193842267600	4123770.886228650808000	
302541.845233972766400	4123770.602140515577000	
302542.276664788136300	4123770.317136856727000	
302542.689933832385600	4123770.006895155646000	
302543.038757379399600	4123769.638334366027000	
302543.418975885899300	4123769.306303112768000	
302543.959556634072200	4123768.904844373930000	
302544.368667658651200	4123768.590147111565000	
302544.861644799937500	4123768.216825576965000	
302545.339168604288700	4123767.855436415412000	
302545.846328791463700	4123767.469663708471000	
302546.331741387490200	4123767.098905654158000	
302546.854015404474900	4123766.699064344633000	
302547.293415124178900	4123766.326231091283000	
302547.756382043473400	4123765.965025039855000	
302548.249900871655000	4123765.580656140577000	
302548.694088036660100	4123765.227201552130000	
302549.155510002863600	4123764.863432019949000	
302549.673637444851900	4123764.455045791809000	
302550.310405786498400	4123763.951505750883000	
302550.928630883048800	4123763.462797258981000	
302551.492717797402300	4123763.020353404805000	
302552.096199091116400	4123762.571409315336000	
302552.677421624248400	4123762.134763809387000	
302553.265976007911400	4123761.729673473630000	
302553.844066675810600	4123761.355070202611000	
302554.413665826199600	4123760.975797743071000	
302555.037899072282000	4123760.573087784927000	
302555.616924341302400	4123760.223661509808000	
302556.184448296262400	4123759.904295055661000	
302556.730464991065700	4123759.578794570640000	
302557.323696191655500	4123759.252683731262000	
302557.900402123516000	4123758.938901990186000	
302558.451110894500700	4123758.640348526649000	
302558.976341301458900	4123758.387205210980000	
302559.560497338417900	4123758.081144422293000	
302560.073188836919100	4123757.804563615471000	
302560.621673638583200	4123757.518064589705000	
302561.304828698048400	4123757.157194228377000	
302562.018165642453800	4123756.780454727821000	
302562.690437372541100	4123756.409452528227000	
302563.356937464268400	4123756.055723280180000	
302564.059948022128100	4123755.680204482749000	
302564.513683373224900	4123755.436124892440000	
302565.259662683820400	4123755.028287977446000	
302565.994201714755000	4123754.629087539390000	
302566.730762537568800	4123754.231840225868000	
302567.467243250343000	4123753.831541153137000	
302568.195478493406000	4123753.436979385093000	
302568.909595544799200	4123753.050047012512000	
302569.663305337308000	4123752.641416638624000	
302570.331882531172600	4123752.277952283621000	
302571.037927681696600	4123751.894926161505000	
302571.740163856884500	4123751.514494031202000	
302572.433828409411900	4123751.138120742980000	
302573.104953821399200	4123750.773649303243000	
302573.774179512518500	4123750.410856336821000	
302574.448448236100400	4123750.045011613518000	
302575.167112405528300	4123749.680143447593000	
302575.767610605456900	4123749.357267470099000	
302576.465255793009400	4123749.003141494468000	
302577.083572441828400	4123748.692503062077000	
302577.720789010752900	4123748.377164931037000	
302578.388401085976500	4123748.057035534177000	
302578.999342019204100	4123747.766050432809000	
302579.629997308831700	4123747.480894177221000	
302580.299852426978800	4123747.241422743071000	
302580.911538179148900	4123747.035429089796000	
302581.580221231968600	4123746.809995743446000	
302582.144893700897200	4123746.576444717124000	
302582.748313959222300	4123746.332853404805000	
302583.368485504877800	4123746.093259900343000	
302583.975397165748300	4123745.856748672668000	
302584.527589853736600	4123745.644865127280000	
302585.100140627590010	4123745.437742320355000	
302585.719066674239000	4123745.214689343702000	
302586.299137169844470	4123745.001615614165000	
302586.826851899502800	4123744.811887830496000	
302587.415502125862990	4123744.633176894858000	
302587.954245145083410	4123744.488706680480000	
302588.501467759953810	4123744.360441301018000	
302589.062624510610480	4123744.246732801199000	
302589.636588627472520	4123744.091672989074000	
302590.209882313385610	4123743.938444228377000	
302590.910821970319380	4123743.762022109237000	
302591.612736995099110	4123743.614927383140000	
302592.252457196125760	4123743.483213513158000	
302592.957195814349690	4123743.328886122908000	
302593.570300395251250	4123743.204832168296000	
302594.235921021667309	4123743.078764053062000	
302594.855434591067024	4123742.987699600868000	
302595.541385585849639	4123742.938047499862000	
302596.141826683538970	4123742.941221328452000	
302596.714022571337410	4123742.902219861280000	
302597.311658676713710	4123742.840208143927000	
302597.880955750704740	4123742.797208875883000	
302598.484853322850540	4123742.764677138999000	
302599.044663006556220	4123742.739225482102000	
302599.649738366424570	4123742.748838517815000	
302600.167970713111570	4123742.722288224846000	
302600.737104471540080	4123742.714872450568000	
302601.283206995110960	4123742.717283339240000	
302601.828489358536900	4123742.710233778227000	
302602.332264002296140	4123742.743650525343000	
302602.888739641057330	4123742.747404190246000	
302603.623050744878130	4123742.811979386024000	
302604.149697358370760	4123742.854185196105000	
302604.921469743479970	4123742.882383437362000	
302605.636573846801200	4123742.922422499396000	
302606.315202768659200	4123742.986051649321000	
302606.968418175936700	4123743.058164685499000	
302607.655117090675000	4123743.136167616118000	
302608.260206277365800	4123743.217832654715000	
302608.920655305730200	4123743.326139542740000	
302609.533835465088500	4123743.442045303527000	
302610.146158274263100	4123743.572507946752000	
302610.712072427209900	4123743.704465955496000	
302611.279384668043300	4123743.852567765396000	
302611.881261879927500	4123743.981718153693000	
302612.471460396365700	4123744.124052140396000	
302613.035078103537700	4123744.248319716658000	
302613.612670952919900	4123744.379087540787000	
302614.184278542583300	4123744.517606828827000	
302614.688709314097700	4123744.682554335799000	
302615.247451837814900	4123744.835325332358000	
302615.788122231140700	4123745.005918595940000	
302616.283254679176000	4123745.158628555480000	
302616.805364664469400	4123745.332334608771000	
302617.328928048722400	4123745.508390515577000	
302617.848327691201100	4123745.698820203077000	
302618.535005624173200	4123745.970487686805000	
302619.027191218105100	4123746.168638319708000	
302619.498519951594100	4123746.367246717680000	
302620.192627009004400	4123746.658109751996000	
302620.794067437876900	4123746.893766492605000	
302621.433488900424000	4123747.151731580496000	
302622.092212731484300	4123747.436704724561000	
302622.708372170804100	4123747.705076308455000	
302623.362373407813700	4123748.011106579565000	
302623.934055382909700	4123748.291013808921000	
302624.535625511664000	4123748.580778211355000	
302625.123973901150700	4123748.889036272652000	
302625.696607645135400	4123749.196531386115000	
302626.202489907562300	4123749.501554580871000	
302626.723030144989000	4123749.874052138068000	
302627.238697107648500	4123750.185880751349000	
302627.794364985078600	4123750.508573623374000	
302628.390003259759400	4123750.873167129699000	
302629.047924096346800	4123751.283994762227000	
302629.669303947943300	4123751.687681290321000	
302630.288551385980100	4123752.097532360349000	
302630.889408167218800	4123752.510740367696000	
302631.498718316434000	4123752.939664930105000	
302632.034942680853400	4123753.329588024411000	
302632.634120997157900	4123753.790678116493000	
302633.180835779639900	4123754.206083387136000	
302633.731594141572700	4123754.645689102821000	
302634.239414270327000	4123755.072721570265000	
302634.719131525489500	4123755.507993789390000	
302635.161251123354300	4123755.989286512136000	
302635.645992333826100	4123756.462461561430000	
302636.093803461524700	4123756.863676159643000	
302636.557422693586000	4123757.293974013068000	
302637.023674066877000	4123757.726438614074000	
302637.481742912903400	4123758.180875867605000	
302637.916919762734300	4123758.600706192199000	
302638.322940881596900	4123759.020628069062000	
302638.738945062155800	4123759.485868546180000	
302639.136650140979300	4123759.940672013909000	
302639.524108940793700	4123760.382108775899000	
302639.912143763213000	4123760.791990367696000	
302640.295116480323500	4123761.211301894858000	
302640.660717064281900	4123761.619016739540000	
302641.050003105658100	4123762.082487196196000	
302641.400577600346900	4123762.488218401093000	
302641.757412012550000	4123762.908445447683000	
302642.205070551019200	4123763.418180558830000	
302642.622879082628100	4123763.907011121511000	
302643.032589013921100	4123764.469663709868000	
302643.449283655616500	4123765.010160538368000	
302643.855033928703100	4123765.525816052686000	
302644.247512873378600	4123766.075590223074000	
302644.616279656591400	4123766.566740127280000	
302644.981067711603800	4123767.156309218612000	
302645.335666711616800	4123767.689298720565000	
302645.626396234729300	4123768.194212049711000	
302645.948280389828100	4123768.697904674336000	
302646.271358544123400	4123769.203397840261000	
302646.547672326210900	4123769.750791639090000	
302646.833240563981200	4123770.250242324080000	
302647.104000146559000	4123770.751218888909000	
302647.394683893071500	4123771.262693494558000	
302647.758621271466800	4123771.900083634537000	
302648.109790857823100	4123772.529478165787000	
302648.444881494040600	4123773.157285782509000	
302648.760585839976600	4123773.768369765021000	
302649.077896172413600	4123774.393156139646000	
302649.387622887152200	4123774.990537733771000	
302649.696670587000000	4123775.573026746977000	
302650.003517206176200	4123776.162382217590000	
302650.305652673472700	4123776.782957167365000	
302650.593948419089400	4123777.349302379880000	
302650.852661188109800	4123777.920835583471000	
302651.111782129097300	4123778.521024792921000	
302651.391479547834000	4123779.103880018461000	
302651.589008386596100	4123779.650632951874000	
302651.826152855646800	4123780.223753066268000	
302652.042648369795600	4123780.791380017996000	
302652.277153070666800	4123781.346738904249000	
302652.605651910125700	4123782.142515274230000	
302652.868633325793800	4123782.858732314315000	
302653.097850854974200	4123783.590757460799000	
302653.369186455209300	4123784.286588759627000	
302653.612411553738600	4123785.016019910574000	
302653.876846367609700	4123785.745939346030000	
302654.178859764942900	4123786.588590709027000	
302654.346538598241800	4123787.062315077055000	
302654.605373436468700	4123787.955228898209000	
302654.851852471707400	4123788.792722792830000	
302655.108417564886600	4123789.723966688383000	
302655.329723412520300	4123790.581632705405000	
302655.551464136340700	4123791.424070448149000	
302655.783748681424200	4123792.272642226890000	
302655.978492791415200	4123793.091856094077000	
302656.101409966126100	4123793.887907118537000	
302656.278308923007000	4123794.714689347427000	
302656.457714134769000	4123795.529234023765000	
302656.618484552251200	4123796.319669812452000	
302656.795696313609400	4123797.180509657133000	
302656.996765192598100	4123798.150877088774000	
302657.182231957442100	4123799.037504286040000	
302657.334133203025000	4123799.971494762693000	
302657.485897118167500	4123800.871183485724000	
302657.589565330941700	4123801.385923475958000	
302657.733943993807800	4123802.225797743071000	
302657.874061640352000	4123803.092069715261000	
302658.026367242739100	4123803.936521622352000	
302658.184692438575400	4123804.807035536505000	
302658.342819268116700	4123805.649107068777000	
302658.462478693574700	4123806.530424209312000	
302658.555374201154300	4123807.309568497352000	
302658.624229486507800	4123808.089109507855000	
302658.720451410568800	4123808.906370255630000	
302658.813880975882100	4123809.669218151830000	
302658.891243036312500	4123810.460538955871000	
302658.957149560446900	4123811.235776991583000	
302659.028358513489400	4123812.007139295340000	
302659.082962091313700	4123812.732328503858000	
302659.141754205396900	4123813.485654919408000	
302659.186714227311300	4123814.260282608680000	
302659.218528803321500	4123814.936460586730000	
302659.266937310225300	4123815.647886363789000	
302659.312881523685100	4123816.340818495490000	
302659.354591425333600	4123816.994688123930000	
302659.401382501004300	4123817.711088269018000	
302659.444557245587900	4123818.376218884718000	
302659.500236565363600	4123819.249479384627000	
302659.554763848194900	4123820.079130263068000	
302659.607894953223900	4123820.924131487496000	
302659.661048945155900	4123821.783262344077000	
302659.703910883399700	4123822.556638808921000	
302659.715812737646000	4123823.295896619558000	
302659.758163506398000	4123824.072202773765000	
302659.795417840767200	4123824.870176407974000	
302659.808807427994900	4123825.654417132027000	
302659.844062860240200	4123826.393003555015000	
302659.857711847813300	4123827.157804578543000	
302659.870010430109700	4123827.852628796361000	
302659.895324762212100	4123828.580442516133000	
302659.907783563947300	4123829.303709120490000	
302659.915008600102700	4123829.971006483305000	
302659.909843499772300	4123830.677946181037000	
302659.911918694269800	4123831.357145397458000	
302659.906799370423000	4123831.996641249396000	
302659.912765556946400	4123832.747984024230000	
302659.913925226545000	4123833.327116101980000	
302659.891624505515200	4123834.036832899787000	
302659.891944940667600	4123834.634275525343000	
302659.891578729031600	4123835.265409557149000	
302659.887634332117200	4123836.090665910859000	
302659.881012018187900	4123836.939817520790000	
302659.873832757643000	4123837.925077532418000	
302659.870765740342900	4123838.433042618446000	
302659.866729790926900	4123839.009000867140000	
302659.859306390455500	4123839.977476208005000	
302659.854568537499300	4123840.909208390862000	
302659.853096062317500	4123841.883054822218000	
302659.847717339405800	4123842.836942763533000	
302659.847076471895000	4123843.348295305390000	
302659.843162592034800	4123844.228788467124000	
302659.838615472428500	4123845.214170547668000	
302659.837173516978500	4123845.797330949455000	
302659.836006219324200	4123846.356168837287000	
302659.835510308621500	4123846.896574112587000	
302659.836051995167500	4123847.414152238518000	
302659.836349542078100	4123847.961698624305000	
302659.834922846057500	4123848.593931288924000	
302659.832634027930900	4123849.218290420715000	
302659.830764825921500	4123849.957304093055000	
302659.830604607530400	4123850.555662246887000	
302659.830818231916100	4123851.143186659086000	
302659.829811150673800	4123851.891599743161000	
302659.828315790509800	4123852.409513564315000	
302659.825180108484300	4123853.225675673224000	
302659.823600824805900	4123854.018644424155000	
302659.822670037625400	4123854.752042864449000	
302659.821312004700300	4123855.408903213218000	
302659.819465693086400	4123856.162168592680000	
302659.814918572432400	4123856.864347547293000	
302659.789505060471100	4123857.579374403227000	
302659.767997796647300	4123858.262937639840000	
302659.756408746412500	4123858.936704728287000	
302659.744651849381600	4123859.640012832358000	
302659.729507501062500	4123860.379880995955000	
302659.730255181435500	4123861.036802379414000	
302659.739769037114500	4123861.683134169783000	
302659.739433343289400	4123862.335538952611000	
302659.733131464687200	4123863.037351698615000	
302659.728096062899600	4123863.684751600027000	
302659.724990898626900	4123864.363065810874000	
302659.723716791370000	4123864.918577285949000	
302659.723159845103500	4123865.594572156668000	
302659.720924433320800	4123866.097715468146000	
302659.713806206709700	4123866.884641736746000	
302659.711608940968300	4123867.389524550177000	
302659.725563103100300	4123867.941526500508000	
302659.824066217872300	4123868.670133680105000	
302659.969635065703200	4123869.198728650808000	
302660.252906854439100	4123869.771757216658000	
302660.546150262933200	4123870.181303115096000	
302660.886970576073500	4123870.567625137512000	
302661.311424310435500	4123870.938871472608000	
302661.811622675391800	4123871.281675428618000	
302662.294487053528400	4123871.517667863518000	
302662.856315667741000	4123871.722105114721000	
302663.438545282813700	4123871.832700823434000	
302663.980094965663700	4123871.866972058546000	
302664.536338861449600	4123871.835538956802000	
302665.045219475287000	4123871.743162245024000	
302665.584152276511300	4123871.576200576499000	
302666.044715935713600	4123871.367857068311000	
302666.490249689202800	4123871.106016248465000	
302666.905372673529200	4123870.780576798134000	
302667.280693109554700	4123870.422391980421000	
302667.609169060480800	4123870.000852676108000	
302667.881149347405900	4123869.568204972427000	
302668.132400567934400	4123869.039426897652000	
302668.418693598243400	4123868.608732311986000	
302668.740730340941800	4123868.113523575943000	
302668.925575310364400	4123867.589231581427000	
302669.019676262862000	4123867.079832165036000	
302669.047683770419100	4123866.523283095099000	
302669.075561577803500	4123866.012144179083000	
302669.205986079061400	4123865.444852919318000	
302669.325370842358100	4123864.853300184011000	
302669.409912163799200	4123864.329526990652000	
302669.417457636504000	4123863.701353165787000	
302669.421211297391000	4123863.132322400343000	
302669.471191461314400	4123862.549406143371000	
302669.531349237309800	4123861.768369768281000	
302669.555366570595700	4123861.267454236280000	
302669.609603937482500	4123860.528318494558000	
302669.609504755062500	4123860.003599256743000	
302669.579971368250000	4123859.294279189315000	
302669.502838190412100	4123858.606229871046000	
302669.499038750072900	4123857.879789442290000	
302669.514602717128600	4123857.242521378212000	
302669.495346123410900	4123856.481443496887000	
302669.488182123459400	4123855.736387344077000	
302669.477157647081200	4123854.900083631277000	
302669.465286309132400	4123853.981840224005000	
302669.454399164766100	4123853.123838513624000	
302669.443450983148100	4123852.264310927130000	
302669.436943108448800	4123851.756345838308000	
302669.429740960127700	4123851.210294812452000	
302669.421859797090300	4123850.634367081802000	
302669.414444024092500	4123850.090330215171000	
302669.407447869540200	4123849.558744521812000	
302669.397964532079600	4123848.825834367890000	
302669.389831597451100	4123848.173734753858000	
302669.381927545298800	4123847.485258192755000	
302669.375244196620800	4123846.910551161040000	
302669.367073113156900	4123846.248319715727000	
302669.357696587801900	4123845.557737441733000	
302669.354698236100400	4123844.950773331337000	
302669.359115655417600	4123844.196714493446000	
302669.356559807551100	4123843.588621228933000	
302669.350647027255000	4123842.962522595190000	
302669.355171259259800	4123842.212003798690000	
302669.401489311887400	4123841.038755509071000	
302669.410018975439000	4123840.421415417455000	
302669.414962823444500	4123839.847501842771000	
302669.422836357727600	4123839.220518202055000	
302669.432418878073800	4123838.648832412902000	
302669.442649896838700	4123838.051542372443000	
302669.438354547019100	4123837.432310193311000	
302669.437400873052000	4123836.842069715261000	
302669.443008478847300	4123836.224363417365000	
302669.450042779673800	4123835.650510873646000	
302669.455947931099200	4123835.056943984237000	
302669.459945732611200	4123834.496366590727000	
302669.463844353798800	4123833.870237437543000	
302669.468261772650300	4123833.217649552040000	
302669.472724970197300	4123832.581968400162000	
302669.476982171996500	4123831.956632704474000	
302669.481964166276200	4123831.227262586821000	
302669.487266595417200	4123830.460905164946000	
302669.491729791509000	4123829.759916396812000	
302669.496215876075400	4123829.062131972518000	
302669.501815850031600	4123828.242551892996000	
302669.506668146816100	4123827.566282364540000	
302669.512901361333200	4123826.800291154999000	
302669.518615777255000	4123826.154478162993000	
302669.525390679249500	4123825.285642716568000	
302669.530319268000300	4123824.566282361280000	
302669.535003717173800	4123823.913328262046000	
302669.540359552891500	4123823.172239393461000	
302669.544975335011300	4123822.505033581518000	
302669.550468498899100	4123821.704160782509000	
302669.554138237726900	4123821.139005751815000	
302669.558776910242200	4123820.403593155555000	
302669.563568169833200	4123819.698850722052000	
302669.567833002540300	4123819.097776503768000	
302669.572990471613600	4123818.379026503302000	
302669.578666742600000	4123817.703031631187000	
302669.584632927784700	4123817.034483045340000	
302669.589927729277400	4123816.346403211355000	
302669.594261223450300	4123815.703794568777000	
302669.599327143398100	4123815.073087784462000	
302669.606155450455800	4123814.385770886671000	
302669.611579950025800	4123813.754087537993000	
302669.616577202454200	4123813.048582172487000	
302669.621299798018300	4123812.350706190336000	
302669.626228388515300	4123811.667112439871000	
302669.631401116028400	4123810.944761364721000	
302669.636116083303900	4123810.280973522458000	
302669.640655572351500	4123809.641355604865000	
302669.645080620364800	4123809.003049939871000	
302669.650077874830500	4123808.287992565427000	
302669.653984123724500	4123807.750242324546000	
302669.659240778361000	4123807.029203504790000	
302669.663147027138600	4123806.491422745865000	
302669.668151910067500	4123805.846250624862000	
302669.673751886060900	4123805.132810681593000	
302669.678077753225800	4123804.541471572127000	
302669.682365471264300	4123803.929746716283000	
302669.686348015384300	4123803.365629286971000	
302669.690902764326900	4123802.766782851424000	
302669.695732172112900	4123802.165128798690000	
302669.700035151094200	4123801.603300186340000	
302669.704895074479300	4123800.923917859793000	
302669.708602960279700	4123800.387052626815000	
302669.712860161671400	4123799.805936903227000	
302669.716987665800800	4123799.244260878302000	
302669.721557671204200	4123798.598386856262000	
302669.727111871587100	4123797.522642228287000	
302669.726768549182500	4123796.972379776184000	
302669.728088433446800	4123796.437101454940000	
302669.730232294183200	4123795.921232315712000	
302669.733337456826100	4123795.311063856352000	
302669.735923822736400	4123794.800962537993000	
302669.738159233878800	4123794.229307264090000	
302669.737205560552000	4123793.220945448615000	
302669.720375117030900	4123792.705808729399000	
302669.710609492089100	4123792.205656142440000	
302669.708862359984800	4123791.677915665321000	
302669.707321222405900	4123791.158750625327000	
302669.694603022304400	4123790.118162244558000	
302669.685287530068300	4123789.116026013158000	
302669.677764947293300	4123788.123777478933000	
302669.669487054226900	4123787.192472549621000	
302669.662742669344900	4123786.219083879609000	
302669.655937248840900	4123785.331785291433000	
302669.652397209778400	4123784.811002821662000	
302669.646644647233200	4123783.930601208936000	
302669.638443049159800	4123782.962919326033000	
302669.629104669671500	4123782.066221329849000	
302669.620422419044200	4123781.171690079849000	
302669.631134087627300	4123780.296384902205000	
302669.643379265384300	4123779.427152723540000	
302669.639900262234700	4123778.556303114165000	
302669.644249016186200	4123777.696867077611000	
302669.647338922368400	4123776.830961317290000	
302669.650428827561000	4123775.984190074261000	
302669.652786308783100	4123775.174375624396000	
302669.655410820560100	4123774.298246476334000	
302669.659057671786300	4123773.513792127836000	
302669.662216241005800	4123772.631498424802000	
302669.666046197293300	4123771.827695936430000	
302669.669723564758900	4123771.052335829474000	
302669.690132197109100	4123770.270658585709000	
302669.696174676762900	4123769.445585344452000	
302669.704254206328200	4123768.684385389555000	
302669.713966424868000	4123767.868558975868000	
302669.721740777487900	4123767.130277724471000	
302669.729637200944100	4123766.366087052040000	
302669.736572321155100	4123765.625791640487000	
302669.741119438724100	4123765.012662979309000	
302669.747329767909800	4123764.391019910574000	
302669.752418573480100	4123763.858915419318000	
302669.756477409624500	4123763.327116100583000	
302669.761749323573900	4123762.779966445640000	
302669.778289848880400	4123762.233427138533000	
302669.782638604752700	4123761.712003797758000	
302669.790847832162400	4123761.200040910393000	
302669.794876154104700	4123760.440733046271000	
302669.784400994423800	4123759.681913466193000	
302669.764404351823000	4123759.138670057524000	
302669.756042535300400	4123758.620817275252000	
302669.742553766525800	4123757.901182264555000	
302669.651908930507500	4123757.194273087662000	
302669.579811150557400	4123756.697813124396000	
302669.459907586453500	4123756.032865616027000	
302669.251823480997700	4123755.410886853002000	
302669.113838250981600	4123754.858549209312000	
302668.984191949071800	4123754.262327285949000	
302668.849945122608900	4123753.661283585243000	
302668.709556634770700	4123753.050504775252000	
302668.571952874306600	4123752.440824598074000	
302668.386276300996500	4123751.616209118627000	
302668.198371942155100	4123750.782896133140000	
302668.008812004933100	4123749.941862200387000	
302667.889808709849600	4123749.416624159086000	
302667.674148613936300	4123748.466184707358000	
302667.561882073583500	4123747.970609755255000	
302667.350746209616800	4123747.035032363143000	
302667.141037043067600	4123746.109129041433000	
302666.949424798600400	4123745.234251111746000	
302666.862625177018300	4123744.721220106352000	
302666.688186700048400	4123743.861784071196000	
302666.545204216672600	4123742.945310683921000	
302666.417991692549500	4123742.102537245490000	
302666.301971490145700	4123741.225828262046000	
302666.178848322655500	4123740.347776501905000	
302666.094802910462000	4123739.501005263068000	
302665.974800165684400	4123738.654722302686000	
302665.872512871865200	4123737.861570447218000	
302665.796783502446500	4123737.044035048690000	
302665.724639947293300	4123736.238432024140000	
302665.673690850730100	4123735.410337537993000	
302665.618789728498100	4123734.630064099096000	
302665.564285333734000	4123733.848203749862000	
302665.507568414788700	4123733.044614883605000	
302665.490890557877700	4123732.330625626259000	
302665.437194878351900	4123731.576017470099000	
302665.393020685063700	4123730.816343398765000	
302665.346557672601200	4123730.169584363233000	
302665.291496331105000	4123729.359129042365000	
302665.245559748262200	4123728.650297254790000	
302665.192459161626200	4123727.952787492424000	
302665.145271355169800	4123727.269407361280000	
302665.081405695644200	4123726.549772353377000	
302664.985366876469900	4123725.854307266884000	
302664.940094049379700	4123725.210416882299000	
302664.879135186318300	4123724.537016006187000	
302664.818130548810600	4123723.915678112302000	
302664.742713982355800	4123723.241331188940000	
302664.667091424809800	4123722.615598768461000	
302664.597557122877300	4123721.891447160859000	
302664.502494868007500	4123721.005735486280000	
302664.417106683715200	4123720.198759172112000	
302664.336677606741400	4123719.413816540036000	
302664.243057306332000	4123718.606474015862000	
302664.087837274360900	4123717.836729140021000	
302663.968193108681600	4123717.132169813849000	
302663.896369987982300	4123716.629880993627000	
302663.757309015491000	4123715.942411513068000	
302663.623992974520700	4123715.252744765021000	
302663.414749201445400	4123714.486875624862000	
302663.267341668368300	4123713.754484266043000	
302663.108032281626900	4123713.123746963218000	
302662.894981438643300	4123712.446348278318000	
302662.736427361436700	4123711.763059707358000	
302662.568351800087800	4123711.097410294227000	
302662.407867486123000	4123710.476408094633000	
302662.221839959383900	4123709.843626114074000	
302662.004676872748000	4123709.221983046271000	
302661.833641106321000	4123708.585172742140000	
302661.600700433016800	4123707.775541394483000	
302661.353462273546000	4123706.936521622352000	
302661.096817071724200	4123706.176237198524000	
302660.860099848127000	4123705.422391981818000	
302660.646019036299500	4123704.715910048690000	
302660.381485040183200	4123703.979154677130000	
302660.153953606961300	4123703.281736463308000	
302659.896461541415200	4123702.483366101515000	
302659.599601801601200	4123701.586912242696000	
302659.304054314969100	4123700.684660045430000	
302659.011589106055900	4123699.872312636580000	
302658.710029656940600	4123699.048582169227000	
302658.432876641978500	4123698.227018449921000	
302658.137542780023100	4123697.399351212662000	
302657.833507592673400	4123696.643919082358000	
302657.550861412542900	4123695.846769419499000	
302657.269649560970700	4123695.101560685318000	
302656.985981042496900	4123694.388883680571000	
302656.697307642432900	4123693.595487684477000	
302656.407333429611800	4123692.897123426199000	
302656.087009484297600	4123692.211668108124000	
302655.816707665449900	4123691.528532120399000	
302655.510807091370200	4123690.856168839615000	
302655.241375024779700	4123690.226591198705000	
302654.896850640769100	4123689.569425672293000	
302654.601596886757800	4123688.995634171180000	
302654.283500726625800	4123688.358335584868000	
302653.978057915926900	4123687.757108779624000	
302653.643936211941800	4123687.068662734702000	
302653.270675713662100	4123686.318723766599000	
302652.809555109590300	4123685.398161024321000	
302652.389778193028200	4123684.583036514930000	
302651.894771630759400	4123683.821470353287000	
302651.370826776488700	4123683.012266252656000	
302650.940765434759700	4123682.258329481818000	
302650.496372278779700	4123681.516294567846000	
302650.048473413102300	4123680.843931287527000	
302649.525833184074100	4123680.143552873284000	
302649.092372949817200	4123679.487913223915000	
302648.557876641163600	4123678.814664933365000	
302648.104446466139100	4123678.188657850493000	
302647.637149865797300	4123677.622617812362000	
302647.102413231739800	4123677.041990370955000	
302646.404007013479700	4123676.351682751905000	
302645.757686669006900	4123675.810972301755000	
302645.289615687099300	4123675.336515519302000	
302644.792003686423400	4123674.844602673780000	
302644.316700036230000	4123674.389219372533000	
302643.820930536196100	4123673.886625380721000	
302643.394592339638600	4123673.461088273674000	
302642.944641167705400	4123672.967374891043000	
302642.491981561644900	4123672.487424939405000	
302642.065547998470700	4123672.036527719349000	
302641.642486627795700	4123671.600004287902000	
302641.129928642883900	4123671.060453505255000	
302640.607803398859700	4123670.512449353468000	
302639.986885126563700	4123669.876859756187000	
302639.454189356183600	4123669.360227676108000	
302638.885601098940200	4123668.784574596211000	
302638.347560936934300	4123668.326505753212000	
302637.785400445805900	4123667.806058972608000	
302637.240375573164800	4123667.283506486565000	
302636.731273706536700	4123666.809385390487000	
302636.193973596091400	4123666.303037733771000	
302635.641700800275400	4123665.784116837662000	
302635.138259941944900	4123665.323057263624000	
302634.605518396128900	4123664.858457655646000	
302634.111236626224100	4123664.396329970565000	
302633.623279627412600	4123663.956998917740000	
302633.105121668428200	4123663.517179577611000	
302632.635440881014800	4123663.088102428243000	
302632.095062310225300	4123662.664548963308000	
302631.597297722473700	4123662.267057511490000	
302631.140865381457800	4123661.930570693221000	
302630.640193995321200	4123661.618803116027000	
302630.150493677356300	4123661.251829237211000	
302629.698059135989800	4123660.911008923780000	
302629.222602899652000	4123660.592741102912000	
302628.747467095265200	4123660.263212294318000	
302628.298938805703100	4123659.944181533996000	
302627.835678156523500	4123659.621610731352000	
302627.381755883223400	4123659.299375625327000	
302626.948343331867400	4123658.991544814315000	
302626.524902399280100	4123658.694181533996000	
302626.060234125005100	4123658.368894667830000	
302625.639041954651500	4123658.073240372352000	
302625.208360725897400	4123657.789487929083000	
302624.774335916969000	4123657.483732313849000	
302624.339613015647000	4123657.216215222143000	
302623.901760155626100	4123656.932218644302000	
302623.266119059291700	4123656.545591446571000	
302622.680463846307200	4123656.160429092590000	
302622.248867089161600	4123655.888242811430000	
302621.658075388171700	4123655.512601939961000	
302621.057043130043900	4123655.128110973630000	
302620.470626886468400	4123654.754575821105000	
302619.862230354920000	4123654.368070694618000	
302619.341053063282700	4123654.036253063474000	
302618.769895608071200	4123653.671842664946000	
302618.269903238397100	4123653.352415176108000	
302617.711097773048100	4123652.995878311805000	
302617.223756844410700	4123652.685850232840000	
302616.704073006869300	4123652.355650039390000	
302616.182390268542800	4123652.022489638068000	
302615.677122171153300	4123651.731138319243000	
302615.213336999528100	4123651.439329236280000	
302614.697113092523100	4123651.130796524230000	
302614.223234231292700	4123650.840940564871000	
302613.699613626813500	4123650.560178847983000	
302613.193927818792900	4123650.309568494558000	
302612.542905861744700	4123649.926664441824000	
302612.073946052987600	4123649.667936414480000	
302611.412920053000600	4123649.297849745024000	
302610.816409166902300	4123648.967100230511000	
302610.183281953679400	4123648.625974748749000	
302609.527664239460100	4123648.258604141418000	
302608.940424019412600	4123647.941709608771000	
302608.325363214477000	4123647.644468398299000	
302607.673894938197900	4123647.283231827430000	
302607.134018952143400	4123646.997984022833000	
302606.478616768494200	4123646.657713028137000	
302605.762779290322200	4123646.276090713218000	
302605.012452181079400	4123645.873869033065000	
302604.202675873762930	4123645.449888317380000	
302603.462058122269810	4123645.059599012136000	
302602.993280943483110	4123644.810270398390000	
302602.535061891889200	4123644.566618056502000	
302602.026821668143380	4123644.297514052596000	
302601.169624861446210	4123643.822050184943000	
302600.688048894517120	4123643.561246961355000	
302600.237551744794470	4123643.318388078362000	
302599.427384431590330	4123642.879911511205000	
302598.521898085600700	4123642.391355605330000	
302598.009013706934640	4123642.114408582449000	
302597.481174048036340	4123641.826597304549000	
302596.522184664907400	4123641.304044816643000	
302596.054307754500770	4123641.051817028783000	
302595.552675837709103	4123640.781797497533000	
302594.961188252666034	4123640.460813617799000	
302594.386409336875658	4123640.147520157509000	
302593.809698397701140	4123639.834745498840000	
302593.269867475668430	4123639.543760388624000	
302592.819267328712160	4123639.300779435784000	
302592.246322924853300	4123638.989896865096000	
302591.731894786935300	4123638.709867569152000	
302591.161135966074650	4123638.400175185408000	
302590.599976594909090	4123638.097227186430000	
302589.981412466790060	4123637.763456434943000	
302589.410950238059740	4123637.454404921737000	
302588.827746445720550	4123637.138029186055000	
302588.202283436898140	4123636.799772354774000	
302587.637509876978580	4123636.495054333936000	
302587.079265171603770	4123636.193388075568000	
302586.512033517356030	4123635.885740370024000	
302585.940507943916600	4123635.575620744377000	
302585.324577385443260	4123635.242551891599000	
302584.702831323491400	4123634.906431289855000	
302584.070942933380100	4123634.563016981818000	
302583.395678574685000	4123634.195859997533000	
302582.775043542496900	4123633.860136124305000	
302582.180548722681100	4123633.538938611280000	
302581.605372484074900	4123633.226987930946000	
302580.949022347922400	4123632.870603650343000	
302580.265486773278100	4123632.500669568777000	
302579.611033493536500	4123632.146970839240000	
302578.917205864796400	4123631.770811168943000	
302578.265785272058600	4123631.416685191914000	
302577.556812341790600	4123631.032407850027000	
302576.893833216105100	4123630.673704235815000	
302576.236434991704300	4123630.316648573615000	
302575.516752296884100	4123629.926389782690000	
302574.706949288607600	4123629.488279432990000	
302574.001010949374200	4123629.105833143927000	
302573.302618081565000	4123628.727109999396000	
302572.499744471279000	4123628.292295546737000	
302571.836298043374000	4123627.933286759071000	
302571.137786919192900	4123627.554685682524000	
302570.351829584396900	4123627.128660291433000	
302569.640127237595200	4123626.743467424065000	
302568.966487938654600	4123626.378843396902000	
302568.267221505462700	4123626.000120251440000	
302567.499624308373300	4123625.584531872533000	
302566.694965417322200	4123625.148740857374000	
302565.904943520843500	4123624.720945446752000	
302565.191673333116300	4123624.334592911415000	
302564.423267419915600	4123623.918272108771000	
302563.605266625294500	4123623.474973769858000	
302562.788089806912500	4123623.031797499862000	
302561.942836817121100	4123622.573179336730000	
302561.297786767943800	4123622.222654432990000	
302560.429954583640200	4123621.767332167830000	
302559.589958245749600	4123621.351255508140000	
302558.850669915904300	4123620.975278945640000	
302558.107536371098800	4123620.589597792830000	
302557.310352381551600	4123620.174924944062000	
302556.462806756841000	4123619.735715955496000	
302555.699066216533500	4123619.340879530646000	
302555.010246332211000	4123618.985960096586000	
302554.199012810830000	4123618.558958143461000	
302553.381275232881300	4123618.113889784086000	
302552.599880273570300	4123617.696409314871000	
302551.890392357483500	4123617.321714492049000	
302551.197361048136400	4123616.955930798315000	
302550.394897516642200	4123616.530820937362000	
302549.745857293775800	4123616.187437146902000	
302548.979988153325400	4123615.767698377371000	
302548.295635279384400	4123615.372617812362000	
302547.463283593417100	4123614.905515760649000	
302546.846855218638700	4123614.566648576409000	
302546.153854424948800	4123614.185545056593000	
302545.418682153103900	4123613.794675916433000	
302544.703758294461300	4123613.423154919874000	
302543.987972314702300	4123613.041380016599000	
302543.335769708210100	4123612.689390272368000	
302542.582885797601200	4123612.283445448615000	
302541.898109491332400	4123611.915586562827000	
302541.166549738380100	4123611.524046032224000	
302540.382034357637200	4123611.103635877371000	
302539.561744744773000	4123610.663145156112000	
302538.788497979752700	4123610.248472302221000	
302538.115272577619200	4123609.887510393281000	
302537.337471062899600	4123609.470029923134000	
302536.503524834697600	4123609.022520155180000	
302535.784187371959000	4123608.637266248465000	
302535.061714227660600	4123608.249998184387000	
302534.369098717346800	4123607.878477188293000	
302533.580665642861300	4123607.457090466283000	
302532.831646020989900	4123607.056882946286000	
302532.129894311539800	4123606.680906385183000	
302531.431156214326600	4123606.306638805196000	
302530.712432916043300	4123605.922971817665000	
302530.006553705316000	4123605.545774551574000	
302529.188972528325400	4123605.107664197218000	
302528.516929680539800	4123604.748045057990000	
302527.677734429424200	4123604.299558728468000	
302526.834045465104300	4123603.847959605046000	
302526.038566644652700	4123603.422422498465000	
302525.221733148268000	4123602.985166638158000	
302524.433502253319600	4123602.576109023765000	
302523.522796686622300	4123602.128233045805000	
302522.795181329362100	4123601.762144178618000	
302522.013618524069900	4123601.360532850027000	
302521.283897454093700	4123600.984251113143000	
302520.400924738147300	4123600.530515761115000	
302519.588768060726600	4123600.125120255630000	
302518.876075799809800	4123599.804319473449000	
302518.110725457314400	4123599.512632461265000	
302517.349563652940600	4123599.257810683455000	
302516.712188776116800	4123599.037962053437000	
302516.158203180239100	4123598.830747695174000	
302515.628906305064400	4123598.615232555661000	
302515.087722833675800	4123598.398069471121000	
302514.612243707990300	4123598.212827772368000	
302514.003227287903400	4123597.979124160949000	
302513.448204095242500	4123597.764951794408000	
302512.968200737435800	4123597.577940076124000	
302512.424507195362800	4123597.366026015487000	
302511.846221979591100	4123597.140989395790000	
302511.330650384596100	4123596.948850723915000	
302510.311775261419800	4123596.634092418477000	
302509.830383354798000	4123596.475217908621000	
302509.281105095869900	4123596.301450819243000	
302508.789657648652800	4123596.176755993627000	
302507.799491938087200	4123595.983640762977000	
302506.764366205781700	4123595.708982556127000	
302505.838935908046600	4123595.480711072683000	
302505.324417169205800	4123595.354734512046000	
302504.380180414649700	4123595.164732068777000	
302503.882003840291900	4123595.084959119093000	
302502.949249322875400	4123594.894224257674000	
302502.045112664287400	4123594.779111952055000	
302501.149169977230500	4123594.637083143461000	
302500.234870965825400	4123594.541563124396000	
302499.348671013955000	4123594.483701798134000	
302498.437637384107800	4123594.448667617049000	
302497.589736994530500	4123594.489378063940000	
302496.767883356486000	4123594.464231580961000	
302495.918762263027000	4123594.439146134071000	
302495.076240594266000	4123594.428770158906000	
302494.294899041764000	4123594.423276990186000	
302493.513832146535000	4123594.488889785018000	
302492.705680901883000	4123594.599668593146000	
302491.988693292951000	4123594.637449355330000	
302491.053184564109000	4123594.695554823615000	
302490.088180596358000	4123594.768613907043000	
302489.587463433971000	4123594.825681778137000	
302489.075996453234000	4123594.914548962377000	
302488.250030573050000	4123595.053831189871000	
302487.709991510201000	4123595.111509414390000	
302486.752479609102000	4123595.228391735815000	
302485.882011467940000	4123595.361143202521000	
302485.015007073351000	4123595.486631484237000	
302484.154846245656000	4123595.680234998930000	
302483.292610224453000	4123595.825681776740000	
302482.442176874029000	4123596.004453751259000	
302481.631752069225000	4123596.199461074546000	
302480.868873651023000	4123596.441465465818000	
302480.124359185924000	4123596.713621232193000	
302479.361145074829000	4123596.978818983771000	
302478.499435479869000	4123597.238889786415000	
302477.998054559634000	4123597.399046034552000	
302477.063720758189000	4123597.702573867049000	
302476.511474664498000	4123597.879819961265000	
302475.844261224440000	4123598.092710582074000	
