302438.961532646674000	4123670.818388071842000	
302439.164398248191000	4123671.357175915968000	
302439.367416437424000	4123671.896452039015000	
302439.574157770607000	4123672.444303604309000	
302439.763488823664000	4123672.946165175177000	
302439.951812799904000	4123673.445432753302000	
302440.161956842639000	4123674.002683728468000	
302440.363952692132000	4123674.537565323524000	
302440.556655939727000	4123675.037443250883000	
302440.794998224068000	4123675.565549940802000	
302441.002838189597000	4123676.050809952430000	
302441.253997857159000	4123676.543455217034000	
302441.455978448503000	4123677.003294082824000	
302441.667999323341000	4123677.464750380721000	
302441.892074639676000	4123677.913633437827000	
302442.128677422996000	4123678.416807266418000	
302442.372085625771000	4123678.905943006743000	
302442.593429620145000	4123679.355833142530000	
302442.875030572177000	4123679.911832899787000	
302443.137863214011000	4123680.428495495114000	
302443.395004327176000	4123680.945676893461000	
302443.650939997402000	4123681.417112442199000	
302443.910934502608000	4123681.881376356818000	
302444.155426080571000	4123682.325132461265000	
302444.439010674017000	4123682.811491102446000	
302444.719818170182000	4123683.289548962843000	
302444.973739679554000	4123683.752775281668000	
302445.224472099741000	4123684.202848524787000	
302445.478073175706000	4123684.655912488699000	
302445.774307307031000	4123685.182981582358000	
302446.095169122156000	4123685.728178117424000	
302446.388427790022000	4123686.279813857283000	
302446.695739801682000	4123686.819913956337000	
302446.985046441259000	4123687.339689342771000	
302447.277420098544000	4123687.865507216658000	
302447.560485895840000	4123688.371122449171000	
302447.842224177090000	4123688.885618299711000	
302448.105728205177000	4123689.372678846121000	
302448.381256159046000	4123689.868040174246000	
302448.653076227172000	4123690.334440318868000	
302448.919952447177000	4123690.810514543671000	
302449.172027643886000	4123691.259916393086000	
302449.424606377725000	4123691.718565079849000	
302449.711868341372000	4123692.231382459402000	
302450.032455499051000	4123692.806455703452000	
302450.348495538055000	4123693.371366588864000	
302450.649124200107000	4123693.908964249305000	
302450.955490166671000	4123694.456968395505000	
302451.246917780023000	4123694.978208633605000	
302451.558181818749000	4123695.535215466749000	
302451.858139092568000	4123696.072355360258000	
302452.149597223208000	4123696.594144911505000	
302452.405120903742000	4123697.051359266508000	
302452.824997003307000	4123697.802518935874000	
302453.096588190761000	4123698.289030165412000	
302453.474243219709000	4123698.964292613789000	
302453.734695490450000	4123699.429075332358000	
302454.008194024558000	4123699.918882458471000	
302454.263397270988000	4123700.374845597427000	
302454.510330254794000	4123700.816465467680000	
302454.761306817469000	4123701.266203016508000	
302455.016845758131000	4123701.721098035574000	
302455.379440362682000	4123702.369657608215000	
302455.629348810879000	4123702.816343397833000	
302455.980438287486000	4123703.444089979399000	
302456.332183892140000	4123704.074674696662000	
302456.685897882446000	4123704.706052870490000	
302457.038284357172000	4123705.335477921646000	
302457.359130914090000	4123705.908262341749000	
302457.696670587640000	4123706.510740370955000	
302458.009094294044000	4123707.068174451124000	
302458.332183892489000	4123707.644834609702000	
302458.649658258888000	4123708.211210341658000	
302458.952575739706000	4123708.750852674246000	
302459.260147149151000	4123709.299345106818000	
302459.561447198212000	4123709.836668103468000	
302459.840667779383000	4123710.334287735168000	
302460.131347710907000	4123710.852293104399000	
302460.419540459639000	4123711.366422742140000	
302460.665664727974000	4123711.805875869468000	
302460.916870171786000	4123712.253507703543000	
302461.179855400580000	4123712.721799940336000	
302461.538955743483000	4123713.361326308455000	
302461.884185845149000	4123713.975797742140000	
302462.131210382038000	4123714.414335338864000	
302462.469726617564000	4123715.016233535018000	
302462.814987237914000	4123715.656492325012000	
302463.143386896525000	4123716.240659801755000	
302463.473175104707000	4123716.835783097893000	
302463.788650568284000	4123717.403715223540000	
302464.099151665927000	4123717.966276260093000	
302464.409317070618000	4123718.544340225868000	
302464.711837822688000	4123719.087919326965000	
302465.015029961360000	4123719.640958874021000	
302465.307556206535000	4123720.173887343146000	
302465.604934748379000	4123720.715177628212000	
302465.941055353731000	4123721.327055068221000	
302466.203247124446000	4123721.804197402205000	
302466.464111382316000	4123722.278989879880000	
302466.720245416160000	4123722.745451065246000	
302466.995086724171000	4123723.246183485258000	
302467.241218621959000	4123723.695036022458000	
302467.550834710943000	4123724.258665175177000	
302467.895919855102000	4123724.886716933921000	
302468.243057304993000	4123725.518156141043000	
302468.553390559100000	4123726.083463761024000	
302468.899948175298000	4123726.714536757208000	
302469.198028618353000	4123727.256742567290000	
302469.505905207130000	4123727.816740124486000	
302469.838211114460000	4123728.421018691268000	
302470.219833429612000	4123729.114805311896000	
302470.610252435436000	4123729.825101939030000	
302471.012954767561000	4123730.558164686430000	
302471.369735773245000	4123731.202451796737000	
302471.778060968150000	4123731.925932019018000	
302472.127868707816000	4123732.560514539015000	
302472.499504144769000	4123733.227995010559000	
302472.858657891746000	4123733.873502819333000	
302473.234481866995000	4123734.550901503302000	
302473.565010126098000	4123735.145414441824000	
302473.939827019349000	4123735.818906873930000	
302474.278007561807000	4123736.426054094452000	
302474.614822442702000	4123737.031400770880000	
302474.949874932412000	4123737.634000869002000	
302475.317344720941000	4123738.294859023299000	
302475.719268854707000	4123739.016630263533000	
302476.118278559297000	4123739.733091445640000	
302476.523597772582000	4123740.462095354218000	
302476.920822199085000	4123741.176420302130000	
302477.298484856845000	4123741.857633683365000	
302477.697288567433000	4123742.575956435874000	
302478.042594963626000	4123743.196012586821000	
302478.409767205128000	4123743.857359025162000	
302478.769729670254000	4123744.510313122068000	
302479.153694207780000	4123745.202207655180000	
302479.493598993635000	4123745.812467664946000	
302479.861991937621000	4123746.477109998930000	
302480.192329461104000	4123747.062315075193000	
302480.531387383526000	4123747.653898328543000	
302480.887786919717000	4123748.292356580496000	
302481.245941217116000	4123748.927091688849000	
302481.635124261491000	4123749.618192764465000	
302482.073852594127000	4123750.396146865562000	
302482.487419184530000	4123751.129972548224000	
302482.889404351008000	4123751.842954724096000	
302483.295227104682000	4123752.563200085424000	
302483.701438958058000	4123753.284208389930000	
302484.103744562599000	4123753.997892471496000	
302484.505249079142000	4123754.708707900252000	
302484.854827936273000	4123755.326353165787000	
302485.252029473078000	4123756.030912488699000	
302485.623794611427000	4123756.690336317755000	
302485.961471612914000	4123757.339384172112000	
302486.318580681982000	4123757.976774308830000	
302486.685928399791000	4123758.641630264465000	
302487.038291986159000	4123759.273710341658000	
302487.368110712618000	4123759.870847792830000	
302487.719215448713000	4123760.507444472983000	
302488.035072381666000	4123761.117979141418000	
302488.365890557412000	4123761.719633191824000	
302488.709068352706000	4123762.350431531202000	
302489.010147150373000	4123762.910032362211000	
302489.332740837825000	4123763.504636854865000	
302489.635261591757000	4123764.061460584868000	
302489.955749567132000	4123764.643705459312000	
302490.271415765630000	4123765.213407604024000	
302490.578147943714000	4123765.776975726243000	
302490.863685662975000	4123766.297453016043000	
302491.186843926553000	4123766.887357802130000	
302491.470710810274000	4123767.405607316177000	
302491.764587456593000	4123767.939451307524000	
302492.049659784301000	4123768.458097551018000	
302492.346138054796000	4123768.999448865186000	
302492.632240350998000	4123769.521543591283000	
302492.914436396211000	4123770.036588758696000	
302493.187660272873000	4123770.535123916343000	
302493.467109735706000	4123771.045225235634000	
302493.716598566156000	4123771.499815077521000	
302494.014679010143000	4123772.042356581427000	
302494.312568720547000	4123772.584531872068000	
302494.618637140375000	4123773.134489152115000	
302494.904075677507000	4123773.650236223359000	
302495.183830316993400	4123774.156828016508000	
302495.465576227929000	4123774.666715713684000	
302495.751701408997200	4123775.177641008049000	
302496.020538384851500	4123775.662107556593000	
302496.297729547019100	4123776.147001355886000	
302496.571304376237100	4123776.621275038458000	
302496.839241083711400	4123777.075162982102000	
302497.104576166486400	4123777.516325086821000	
302497.416786248446400	4123778.031675428152000	
302497.730308588128500	4123778.547147839330000	
302498.037574823829300	4123779.044523329008000	
302498.363983209827000	4123779.491788954940000	
302498.639282281161300	4123779.929807753302000	
302498.911758478032400	4123780.352476213127000	
302499.253593499597600	4123780.821561900433000	
302499.593513544008600	4123781.241911023855000	
302499.975738579290900	4123781.648801892065000	
302500.383812006621200	4123782.025327771902000	
302500.773323113273400	4123782.427366345655000	
302501.187385614262900	4123782.752897352912000	
302501.655899102916000	4123783.049863902852000	
302502.142501886701200	4123783.428983778693000	
302502.619514519348700	4123783.765592663083000	
302503.089416558388600	4123783.996275038924000	
302503.650543268770000	4123784.161039442290000	
302504.224823053809800	4123784.364469621796000	
302504.793678338639400	4123784.609800428152000	
302505.320419365889400	4123784.861875622068000	
302505.873146112891800	4123785.079038709402000	
302506.419685418659400	4123785.225675674155000	
302506.951301629305800	4123785.283018203918000	
302507.522018488613000	4123785.283475967124000	
302508.098060663847700	4123785.344541637693000	
302508.662246758700300	4123785.418424693868000	
302509.222610528464400	4123785.416105360724000	
302509.727676446491400	4123785.354490371421000	
302510.298767144151500	4123785.179441542365000	
302510.810318049159800	4123785.063261125702000	
302511.338325554272200	4123784.949705214240000	
302511.828430230263600	4123784.801084609237000	
302512.297172601218300	4123784.531248184387000	
302512.744354302645700	4123784.286192027386000	
302513.200729424948800	4123784.018735975493000	
302513.652999932819500	4123783.765043350868000	
302514.133453424205100	4123783.501707165502000	
302514.594619806855900	4123783.252866835333000	
302515.070716912392500	4123782.983244033996000	
302515.517372186295700	4123782.742399307899000	
302515.964408930041800	4123782.500639053062000	
302516.587272698758200	4123782.163084122818000	
302517.179611260420600	4123781.841764540412000	
302517.769760187307800	4123781.523923965637000	
302518.386673028348000	4123781.191618056968000	
302518.829612787812900	4123780.951597304549000	
302519.399269159999700	4123780.642912000883000	
302519.951080376398700	4123780.344266980886000	
302520.520332390791700	4123780.023679820821000	
302521.043312127818400	4123779.737730114255000	
302521.566467339056500	4123779.451475233771000	
302522.110855156788600	4123779.152097792365000	
302522.659195000771400	4123778.851530166343000	
302523.175155695760600	4123778.568143938202000	
302523.663063104730100	4123778.299741834402000	
302524.209037835709800	4123778.000516979024000	
302524.716659601545000	4123777.722257703543000	
302525.206352287670600	4123777.453519908711000	
302525.710342461476100	4123777.176694959402000	
302526.197876031626900	4123776.908933729865000	
302526.701248224824700	4123776.632810685784000	
302527.146476800204300	4123776.388425918762000	
302527.655693108099500	4123776.109129041899000	
302528.129966789740100	4123775.848173232749000	
302528.794090326060500	4123775.481443495490000	
302529.295669610961300	4123775.205625624862000	
302529.828140313504300	4123774.913297743537000	
302530.363517815945700	4123774.619230360724000	
302530.899223381653400	4123774.324827285018000	
302531.431198175298100	4123774.032468882855000	
302531.935272270930000	4123773.754606337287000	
302532.427089745062400	4123773.483366102912000	
302532.923423821339400	4123773.210691540502000	
302533.389431055751600	4123772.966489882674000	
302533.864261682611000	4123772.728147595190000	
302534.448867851984700	4123772.498228163924000	
302534.976245934318300	4123772.342039199546000	
302535.461517388816000	4123772.142088028602000	
302535.947910363727700	4123772.006162731443000	
302536.497474724368700	4123771.848020641599000	
302537.010028893244500	4123771.731290908996000	
302537.535427149268800	4123771.579038711265000	
302538.068950708839100	4123771.457944962662000	
302538.650154169532500	4123771.402647107374000	
302539.172802027314900	4123771.422788710799000	
302539.720684106927400	4123771.501585093793000	
302540.287857110612100	4123771.485502333380000	
302540.783981378946900	4123771.385801406577000	
302541.250312859425300	4123771.186552137602000	
302541.724296625703600	4123770.897947400343000	
302542.135627800889800	4123770.591795057058000	
302542.536090905952700	4123770.188383194618000	
302542.924518640677000	4123769.814390272833000	
302543.351696070516500	4123769.487608045805000	
302543.771400507772300	4123769.171323866118000	
302544.174697931855900	4123768.839506238699000	
302544.589740807598000	4123768.503446668386000	
302545.006961877108600	4123768.155454726890000	
302545.443775231775400	4123767.803159803152000	
302545.865028436528500	4123767.463865368161000	
302546.332206780323800	4123767.086820691824000	
302546.809425409883300	4123766.702421280555000	
302547.243003899289800	4123766.355192275252000	
302547.712616022268800	4123765.978330702521000	
302548.120075280196000	4123765.649229139555000	
302548.577533777512100	4123765.290250870865000	
302549.011810357100300	4123764.950864881743000	
302549.442417200713000	4123764.605650042184000	
302549.867645318387100	4123764.301725476049000	
302550.291145380237100	4123763.967802139465000	
302550.722091729112400	4123763.629942030646000	
302551.156543787452400	4123763.317258926108000	
302551.563297327025800	4123763.004179088399000	
302551.999485071864900	4123762.682859511115000	
302552.602031762362500	4123762.240781875327000	
302553.235862787056200	4123761.834592909086000	
302553.659130150510500	4123761.553556533530000	
302554.274166162125800	4123761.234006974380000	
302554.887886102194900	4123760.843198867049000	
302555.462333734729300	4123760.492307752371000	
302556.082275445223800	4123760.119688120671000	
302556.651680047973100	4123759.769926160574000	
302557.237777764094100	4123759.439756483771000	
302557.810638482973400	4123759.107023332268000	
302558.392662102531200	4123758.808866591658000	
302558.928138788556700	4123758.516782851890000	
302559.480705316411300	4123758.211546034086000	
302560.027706200373400	4123757.911405655090000	
302560.547573143616300	4123757.625211806502000	
302561.103286797180800	4123757.319242567290000	
302561.707511957618400	4123756.986448376905000	
302562.221530969021800	4123756.703886123374000	
302562.737087304878500	4123756.421384900343000	
302563.246162468683900	4123756.141813369002000	
302563.784809168311800	4123755.845151990652000	
302564.475599344121300	4123755.464689346496000	
302565.167316490784300	4123755.084898085799000	
302565.833524759567800	4123754.719846814871000	
302566.484502846316900	4123754.361387344543000	
302567.157453591818900	4123753.991026014555000	
302567.814333016169300	4123753.629667372443000	
302568.471986825461500	4123753.268217178062000	
302569.087148721853700	4123752.929807753302000	
302569.749527033302000	4123752.565488903783000	
302570.344511086063000	4123752.237241832539000	
302570.958208139345500	4123751.899534317199000	
302571.578994806681300	4123751.558317274787000	
302572.228748375433500	4123751.200864882674000	
302572.818637903546900	4123750.875700085890000	
302573.414171274518600	4123750.548124402296000	
302574.016830499051100	4123750.233457656112000	
302574.624317224486700	4123749.899778456893000	
302575.099298532935800	4123749.642271131743000	
302575.636880928650500	4123749.351163954474000	
302576.161230143043200	4123749.069089982659000	
302576.696941431029700	4123748.798948378302000	
302577.246463831514100	4123748.523496719077000	
302577.778928810497700	4123748.265134902671000	
302578.309761103126200	4123748.025938122999000	
302578.830036217288600	4123747.763212295249000	
302579.349671418895000	4123747.555387586821000	
302579.863513047923300	4123747.308591931593000	
302580.386603409657300	4123747.091489881743000	
302580.910900171264100	4123746.855741588399000	
302581.406312043953200	4123746.647703261115000	
302581.932945307402400	4123746.440977191553000	
302582.435962731193300	4123746.237821670715000	
302582.950491005671200	4123746.043699356727000	
302583.495063837035600	4123745.818510144949000	
302584.087780053494500	4123745.628080459312000	
302584.693003709951900	4123745.397001354489000	
302585.247192436771000	4123745.205289934762000	
302585.825696047104430	4123745.066557019483000	
302586.415988022868990	4123744.899900525808000	
302586.987069184018760	4123744.733945935499000	
302587.541880186181520	4123744.604795546737000	
302588.056352670188060	4123744.458402724471000	
302588.613593155401760	4123744.334165662527000	
302589.153664643003140	4123744.219358534086000	
302589.680517251777930	4123744.103147596586000	
302590.180752332671550	4123743.993375870865000	
302590.695911461720240	4123743.894407364074000	
302591.201091820432340	4123743.795744031668000	
302591.719838913646530	4123743.695371720009000	
302592.375019129132850	4123743.563535777852000	
302593.002575452439490	4123743.461149305571000	
302593.566479021799750	4123743.349821180105000	
302594.248687262879685	4123743.238401504699000	
302594.933707947551739	4123743.158811657224000	
302595.543407674646005	4123743.086118789390000	
302596.163546618248800	4123743.031644909643000	
302596.788455898058600	4123742.974485488608000	
302597.369738873210740	4123742.908292861655000	
302597.952660616138020	4123742.854917615186000	
302598.555323418346230	4123742.813474744093000	
302599.138310965150590	4123742.788908096496000	
302599.687267835135570	4123742.786680312362000	
302600.222628648043610	4123742.808256241027000	
302600.769451195141300	4123742.834776014090000	
302601.297905023559000	4123742.848600478377000	
302601.823423916473980	4123742.854215711355000	
302602.332354600192050	4123742.872739882674000	
302602.835280949133450	4123742.899473281577000	
302603.486130769364540	4123742.934873669408000	
302604.133183534722780	4123742.954618545715000	
302604.778408106416460	4123743.011533827987000	
302605.414737755898400	4123743.041013807524000	
302606.013969477266100	4123743.082243054640000	
302606.623706873098900	4123743.136106580496000	
302607.236005836981300	4123743.196867082734000	
302607.840486580389600	4123743.268003555946000	
302608.393671091413100	4123743.339292614255000	
302608.974588449753400	4123743.436674211174000	
302609.542539651505600	4123743.530454730615000	
302610.088502938509900	4123743.641355605796000	
302610.599721010366900	4123743.767881485634000	
302611.138670021435200	4123743.882993789855000	
302611.821842249250000	4123744.021970838774000	
302612.312439020199200	4123744.125272840727000	
302612.974203163641500	4123744.285215464886000	
302613.666154915699700	4123744.464902970009000	
302614.330686624744000	4123744.638670056593000	
302614.952022606332300	4123744.851560681127000	
302615.587707573431500	4123745.028318495024000	
302616.239875847473700	4123745.217039198149000	
302616.816947991377700	4123745.433622448705000	
302617.440422112238600	4123745.640012829565000	
302618.048973137629200	4123745.843015760183000	
302618.612382944906100	4123746.073911756743000	
302619.179164940374900	4123746.277372453827000	
302619.702325876336500	4123746.525327770505000	
302620.246154839056500	4123746.770689103287000	
302620.946977670071600	4123747.056821911596000	
302621.478492791531600	4123747.281766983680000	
302622.008791024447400	4123747.522001357283000	
302622.515043313382200	4123747.735288708936000	
302623.026607568317600	4123747.971799940336000	
302623.530366951949000	4123748.188627331983000	
302624.008548791054600	4123748.420255750883000	
302624.491802271513700	4123748.654386611190000	
302624.959796960814900	4123748.890226454008000	
302625.423337991931500	4123749.160276505165000	
302625.974889810546300	4123749.498991104774000	
302626.455888802767700	4123749.751707169693000	
302627.028266960813200	4123750.082059950102000	
302627.564754541148400	4123750.431760876905000	
302628.108192498155400	4123750.765012831893000	
302628.661140496609700	4123751.113187881187000	
302629.168640190851900	4123751.450742812827000	
302629.668415123713200	4123751.818052381743000	
302630.184013421763700	4123752.166166395415000	
302630.682876642560600	4123752.503263563383000	
302631.131702477869100	4123752.867338268086000	
302631.610015924670700	4123753.205228895880000	
302632.075813348928900	4123753.550230117515000	
302632.517654473136600	4123753.922697158996000	
302632.974597984808500	4123754.258146376815000	
302633.440841730102000	4123754.634306044318000	
302633.881885582581200	4123754.973325821105000	
302634.302356773929200	4123755.321134659927000	
302634.725727136712500	4123755.683073132765000	
302635.161556299892300	4123756.036619277205000	
302635.583526666509000	4123756.395780655090000	
302635.971851404872700	4123756.735593886115000	
302636.373725944955400	4123757.094480605796000	
302636.725967461941800	4123757.476469133515000	
302637.119583184714400	4123757.826322648674000	
302637.674041802878500	4123758.345853895880000	
302638.019027765025400	4123758.720609756652000	
302638.510784204350800	4123759.201536268927000	
302639.032089288695700	4123759.734556286596000	
302639.472362574189900	4123760.261076065246000	
302639.957058007188600	4123760.788511363789000	
302640.407222802343300	4123761.315336319618000	
302640.805969293112900	4123761.830747694243000	
302641.230171258677700	4123762.370512098074000	
302641.618152674287600	4123762.844877334777000	
302642.010219629912200	4123763.365690322593000	
302642.411975916009400	4123763.864011855796000	
302642.778705652453900	4123764.367857069243000	
302643.144683893711800	4123764.850584118627000	
302643.492336328607100	4123765.343168348074000	
302643.860698754550000	4123765.833524792455000	
302644.188808495062400	4123766.306394669693000	
302644.499767357658100	4123766.764829725027000	
302644.821449334500400	4123767.245878310408000	
302645.116729790519500	4123767.704801648390000	
302645.538822229602400	4123768.313901991118000	
302645.826698358752800	4123768.776670545340000	
302646.092907006735900	4123769.278654188383000	
302646.373619134712500	4123769.741911026184000	
302646.614421898732000	4123770.190183729865000	
302646.878837639349500	4123770.623685928527000	
302647.145851190085500	4123771.072935195640000	
302647.420211846299900	4123771.545072644483000	
302647.766582543146800	4123772.194151017349000	
302648.140502985741500	4123772.833799452055000	
302648.502601679414500	4123773.474088759162000	
302648.809490259503900	4123774.114927379414000	
302649.158569391933300	4123774.758359997999000	
302649.463176783232500	4123775.354154674802000	
302649.754882866866000	4123775.974729627371000	
302650.034347588312800	4123776.572263807990000	
302650.328918511804700	4123777.195219130721000	
302650.611881311517200	4123777.794523330871000	
302650.863102013361600	4123778.374418351334000	
302651.135440881946100	4123778.956785295159000	
302651.391407068702400	4123779.545957655646000	
302651.613460596010600	4123780.107633679640000	
302651.855777796066800	4123780.665403456427000	
302652.077674920787100	4123781.206571670249000	
302652.273399409023100	4123781.778471082449000	
302652.489673670032100	4123782.295744032599000	
302652.670833643234800	4123782.849271865096000	
302652.871940668555900	4123783.357511612587000	
302653.065029199468000	4123783.902341934852000	
302653.210624748840900	4123784.394102188759000	
302653.394435938214900	4123784.901914686896000	
302653.561157281103100	4123785.399747940712000	
302653.730449731578100	4123785.922361463774000	
302653.878845270024600	4123786.416227431037000	
302654.040771540370800	4123786.897947403602000	
302654.181613977532800	4123787.392149060965000	
302654.385631616809400	4123788.025144670159000	
302654.568809563119400	4123788.642912001349000	
302654.771049555623900	4123789.284971328452000	
302654.947368677181700	4123789.873655409086000	
302655.134151514677800	4123790.497312637512000	
302655.315151270537200	4123791.095060441643000	
302655.490089471568400	4123791.677213758230000	
302655.613910730346100	4123792.249754044693000	
302655.776912745088300	4123792.817045300268000	
302655.928501184680500	4123793.386777971871000	
302656.030860956525400	4123793.926664441358000	
302656.176052149036000	4123794.478941054083000	
302656.317794855509400	4123795.069883436896000	
302656.449386650754600	4123795.611753554549000	
302656.547771509271100	4123796.131223770324000	
302656.671264703618400	4123796.716886608396000	
302656.787418419960900	4123797.218687148765000	
302656.902549798134700	4123797.745145890396000	
302657.017917688004700	4123798.261228648946000	
302657.139221245190100	4123798.804472059011000	
302657.251094873179700	4123799.328794571571000	
302657.405670220556200	4123800.061887831893000	
302657.510784204350800	4123800.562864392530000	
302657.595642144035100	4123801.097593398299000	
302657.747692163160500	4123801.820737928152000	
302657.828449305379800	4123802.341032121330000	
302657.952335411915600	4123803.055631728843000	
302658.036907251982500	4123803.551542371046000	
302658.159767204721000	4123804.250608534552000	
302658.277381951047600	4123804.971769420896000	
302658.375522667891300	4123805.650144668296000	
302658.459369714837500	4123806.339201064780000	
302658.445289666182400	4123807.023283095565000	
302658.455020960653200	4123807.634611222427000	
302658.517906244320300	4123808.267240614165000	
302658.594062859483500	4123808.889127820730000	
302658.649181420274500	4123809.489683239721000	
302658.717086846241700	4123810.127256483771000	
302658.782306726323400	4123810.686674206518000	
302658.878227289358600	4123811.278349014465000	
302658.938270623970300	4123811.850828262046000	
302659.006095941120300	4123812.404386614449000	
302659.058479364030100	4123812.948362440336000	
302659.124130303564000	4123813.499021621421000	
302659.184265190560800	4123814.051542371046000	
302659.233696039184000	4123814.575254527852000	
302659.266471918788700	4123815.098142712843000	
302659.303291376098100	4123815.601774304174000	
302659.338630730344400	4123816.108915418852000	
302659.361373956140600	4123816.615141004790000	
302659.403160150861400	4123817.286130995024000	
302659.444313105079300	4123817.908445448615000	
302659.495964105473800	4123818.576261610724000	
302659.545486504968700	4123819.279447647743000	
302659.597915703197900	4123820.006712048780000	
302659.644218499190200	4123820.737180802040000	
302659.681915337452700	4123821.470853896346000	
302659.704513604869100	4123822.171995252836000	
302659.714828546973900	4123822.874082656112000	
302659.749900872586300	4123823.564237686340000	
302659.781944330548900	4123824.206632704474000	
302659.813781792298000	4123824.941190813668000	
302659.839141901116800	4123825.499143692199000	
302659.864570671983500	4123826.043729872908000	
302659.871437127061700	4123826.631284804549000	
302659.884841973020200	4123827.166929334402000	
302659.905235345824600	4123827.713041396346000	
302659.886413628701100	4123828.235197158065000	
302659.898216303205100	4123828.787626358215000	
302659.909065302345000	4123829.309080212377000	
302659.915374809992500	4123830.064817520790000	
302659.926483209477700	4123830.836698621046000	
302659.901069695013600	4123831.559507461265000	
302659.903396661859000	4123832.070951553993000	
302659.903251701849500	4123832.788877577055000	
302659.899856622098000	4123833.495054334402000	
302659.902732905116900	4123834.186094373465000	
302659.901428277720700	4123834.870054335333000	
302659.904724176740300	4123835.400999160949000	
302659.905555780045700	4123835.989133924711000	
302659.904457148280900	4123836.546659562737000	
302659.904007012140900	4123837.124113170896000	
302659.903480584849600	4123837.689298721496000	
302659.903289849869900	4123838.243620007765000	
302659.902755792660200	4123838.752287000883000	
302659.901603754027700	4123839.315702528227000	
302659.901222284766800	4123839.826536272652000	
302659.900634821155100	4123840.356565568596000	
302659.897842461417900	4123840.895750136115000	
302659.892623956198800	4123841.407377333846000	
302659.890243585454300	4123841.919157118537000	
302659.889740045298800	4123842.525083634071000	
302659.888198908243800	4123843.238096328918000	
302659.885635429818600	4123843.887846082915000	
302659.881492669228500	4123844.529356092215000	
302659.880622919590700	4123845.207487197593000	
302659.879180963267600	4123845.819944471121000	
302659.877357537159700	4123846.418516250327000	
302659.877784784068400	4123847.059690565802000	
302659.878723199362900	4123847.659299938940000	
302659.876953180937600	4123848.279722305946000	
302659.875122124212800	4123848.905637831893000	
302659.873931939015200	4123849.453367325943000	
302659.873275812016800	4123850.050291151274000	
302659.873413140245200	4123850.648099990096000	
302659.873222405265600	4123851.209837052505000	
302659.864387567155100	4123851.799039931968000	
302659.848968561505900	4123852.320066540968000	
302659.847526604600700	4123852.886381238699000	
302659.841064508713300	4123853.404752821196000	
302659.835418755654200	4123853.961637588218000	
302659.829856928263300	4123854.493314831518000	
302659.823379572480900	4123855.046873184387000	
302659.817619378212800	4123855.558897107840000	
302659.811103876098100	4123856.141935439315000	
302659.802467401663300	4123856.796598526184000	
302659.794426019361700	4123857.489286514930000	
302659.784530694247200	4123858.403440566268000	
302659.773834282939800	4123859.213590712287000	
302659.759231622680100	4123860.027799697127000	
302659.749954278930100	4123860.859708874021000	
302659.741142327431600	4123861.642362686340000	
302659.737335258978400	4123862.444273088127000	
302659.738906915416000	4123863.270170304459000	
302659.731483514187900	4123864.016386124305000	
302659.728195245261300	4123864.842802138999000	
302659.726982171880100	4123865.417631242424000	
302659.721870477544100	4123865.941373915877000	
302659.717590385931500	4123866.525419328827000	
302659.713066155673000	4123867.083768936340000	
302659.708564813365200	4123867.632932753768000	
302659.710418755712500	4123868.169523327611000	
302659.778739983215900	4123868.707426161040000	
302659.963150079303900	4123869.227048966568000	
302660.232421929715200	4123869.735654921271000	
302660.571861322270700	4123870.200895402580000	
302660.935173088684700	4123870.590482797939000	
302661.352371270069900	4123870.948942275718000	
302661.822303826105800	4123871.247190566268000	
302662.292305046925300	4123871.472990126815000	
302662.767791802354600	4123871.638242812827000	
302663.260047968360600	4123871.747800916433000	
302663.773872431425800	4123871.801755994558000	
302664.325531060167100	4123871.801206680480000	
302664.858810480800500	4123871.718687146902000	
302665.384613093105100	4123871.580076310318000	
302665.898307855124600	4123871.370969862677000	
302666.370384272071500	4123871.115659807343000	
302666.779090935364400	4123870.808561414946000	
302667.158409173134700	4123870.462827771902000	
302667.497245843755100	4123870.067777724937000	
302667.782676752423900	4123869.642301650252000	
302668.060783441993400	4123869.150449844077000	
302668.272888239182100	4123868.661619277671000	
302668.565559442038600	4123868.213499160483000	
302668.835510308621500	4123867.772855849937000	
302668.968040521023800	4123867.239835828077000	
302669.138588005793300	4123866.702085584868000	
302669.320053155883200	4123866.171751114074000	
302669.379707392246900	4123865.603330700193000	
302669.341796930588300	4123865.083250137977000	
302669.287963921495200	4123864.565488907043000	
302669.246803338988700	4123864.044035048224000	
302669.276077326503600	4123863.419614883605000	
302669.282020623562900	4123862.826566785574000	
302669.293808039045000	4123862.243681043852000	
302669.306350763421500	4123861.648374645505000	
302669.319160516257400	4123861.042753310408000	
302669.331741387082700	4123860.435941787437000	
302669.344406181830000	4123859.822630019393000	
302669.357307488797200	4123859.205991838127000	
302669.368904168892200	4123858.656736462843000	
302669.385231072199500	4123857.884916397743000	
302669.399055535264800	4123857.240324113518000	
302669.414299066294900	4123856.540891735815000	
302669.429977472405900	4123855.812254040502000	
302669.429328973987100	4123855.157041642815000	
302669.433700617519200	4123854.499570939224000	
302669.412582452059700	4123853.805051892996000	
302669.417686517816000	4123853.159299941268000	
302669.417465265607500	4123852.480283829384000	
302669.414810236543400	4123851.860502334777000	
302669.413497979403500	4123851.216978163924000	
302669.411239678273000	4123850.558714003302000	
302669.409599359612900	4123849.968717668671000	
302669.408241327095300	4123849.324949354399000	
302669.406715448945800	4123848.709104627371000	
302669.405769403674600	4123848.099058242049000	
302669.405372674809800	4123847.432188125793000	
302669.403961236646900	4123846.675962539855000	
302669.402137811877800	4123845.907957170159000	
302669.400833183899500	4123845.141996474005000	
302669.399757440784000	4123844.503355114255000	
302669.397834832721900	4123843.742094128393000	
302669.396019035717500	4123842.905943007674000	
302669.393524225335600	4123842.096372696105000	
302669.390136772883100	4123841.266843886115000	
302669.388244684203500	4123840.458585831802000	
302669.386543329921600	4123839.721769422758000	
302669.384033258771500	4123838.925718401093000	
302669.381782586220700	4123838.160490125883000	
302669.379859979148000	4123837.382841201499000	
302669.384864861960500	4123836.643186660018000	
302669.389457758050400	4123835.894132707268000	
302669.389617973764000	4123835.126432508230000	
302669.391586358193300	4123834.436460585333000	
302669.393226679414500	4123833.696531388443000	
302669.394485527649500	4123833.012998672202000	
302669.395324761688200	4123832.279874891043000	
302669.396293695550400	4123831.619810195640000	
302669.421424921718400	4123830.906583878677000	
302669.425590571248900	4123830.249021624215000	
302669.430679375364000	4123829.581449599471000	
302669.440193230402700	4123828.934232802596000	
302669.447921807994100	4123828.290556042455000	
302669.455627496878200	4123827.644926160574000	
302669.465133722289500	4123826.976469133049000	
302669.473533685086300	4123826.388303848449000	
302669.481620843929700	4123825.719633192290000	
302669.488533074560100	4123825.147977919318000	
302669.496551568503500	4123824.516630264930000	
302669.505027825944100	4123823.853941052686000	
302669.513717706198800	4123823.143247695640000	
302669.522071893210500	4123822.458799455781000	
302669.530365044658500	4123821.785581676289000	
302669.538085992797300	4123821.104734511115000	
302669.546257074340200	4123820.405881971586000	
302669.555816704873000	4123819.632139298599000	
302669.565483148559000	4123818.839719864074000	
302669.575973566388700	4123818.044401260093000	
302669.587356623029300	4123817.266019912902000	
302669.595886286464500	4123816.568327040412000	
302669.605682427878500	4123815.751585095190000	
302669.617622430552700	4123814.942594619002000	
302669.630630548927000	4123814.057615368627000	
302669.640914971474600	4123813.196592419874000	
302669.651603753271000	4123812.357084364165000	
302669.662109429482400	4123811.542020889930000	
302669.672210747317900	4123810.729673475493000	
302669.682014520396500	4123809.956815810874000	
302669.680175835383100	4123809.098936173134000	
302669.683616692957000	4123808.369382949080000	
302669.691276605473800	4123807.572324844077000	
302669.694160515908200	4123806.862577527296000	
302669.678321894374700	4123806.085966201033000	
302669.682144219288600	4123805.563322158065000	
302669.680198723683100	4123805.060331434477000	
302669.669334465987000	4123804.505460830871000	
302669.666473443387100	4123803.958524794318000	
302669.660102900117600	4123803.450925920624000	
302669.650192314991700	4123802.923978895415000	
302669.643775993958100	4123802.311216445640000	
302669.637405450688700	4123801.798338026274000	
302669.630981500202300	4123801.259489152580000	
302669.624282891920300	4123800.712644668296000	
302669.617874199408100	4123800.178526013624000	
302669.611816460499500	4123799.662687391508000	
302669.605407769908200	4123799.154264542274000	
302669.599235589033900	4123798.646452039480000	
302669.590042168798400	4123797.886900040787000	
302669.580062921857500	4123797.146055311430000	
302669.572837883955800	4123796.644010632299000	
302669.565559441281900	4123796.137754530180000	
302669.557884271780500	4123795.424924943130000	
302669.556938227498900	4123794.740934463218000	
302669.557235773769200	4123794.045866105240000	
302669.567710932227800	4123793.368131728843000	
302669.567268425715200	4123792.694669811986000	
302669.570205742376900	4123792.030668348540000	
302669.570854242250800	4123791.374326798134000	
302669.569297846057500	4123790.700590224471000	
302669.569671686273100	4123790.051755995955000	
302669.571342523209800	4123789.435270399321000	
302669.572494561958600	4123788.814573378302000	
302669.576843317598100	4123788.186002823059000	
302669.577461297856600	4123787.552885149140000	
302669.580635124817500	4123786.929227920715000	
302669.582511955697600	4123786.336057750974000	
302669.584434564807500	4123785.706632709131000	
302669.604927117179600	4123785.086759658065000	
302669.607696587219800	4123784.492734998930000	
302669.615974480228000	4123783.908414931037000	
302669.622276361740700	4123783.294584363233000	
302669.627655083895700	4123782.712370011490000	
302669.633125360240200	4123782.119718642440000	
302669.638557488680800	4123781.533537002746000	
302669.645202691666800	4123780.945982069243000	
302669.651664787670600	4123780.320859997068000	
302669.656425530964000	4123779.754331675824000	
302669.661689812899600	4123779.164396378212000	
302669.666534478834400	4123778.577207653783000	
302669.671760614903200	4123777.981168836821000	
302669.676551873446400	4123777.379423230886000	
302669.681449944851900	4123776.795408339240000	
302669.680084283929300	4123776.166410534177000	
302669.685226494562800	4123775.572111221962000	
302669.687011774280100	4123774.962888807990000	
302669.690589960315300	4123774.359251116868000	
302669.693840080755800	4123773.739469619934000	
302669.696929987403600	4123773.135953994934000	
302669.699760491610500	4123772.517271131277000	
302669.703941399813600	4123771.872587294783000	
302669.707412775023800	4123771.283109755721000	
302669.711021477240100	4123770.670072646812000	
302669.714218195411400	4123770.032133195084000	
302669.718055779696400	4123769.428220836446000	
302669.721504266141000	4123768.796384903602000	
302669.728988702874600	4123768.174558731262000	
302669.734466608089900	4123767.589017959312000	
302669.739151055517100	4123766.981657116674000	
302669.765441950294200	4123766.361234756652000	
302669.768348749144900	4123765.781919570174000	
302669.780242974287800	4123765.181150529534000	
302669.790519769885600	4123764.570188612211000	
302669.800514275673800	4123763.995512098540000	
302669.809516962501200	4123763.415281386115000	
302669.817024287011000	4123762.828519911040000	
302669.825798090663700	4123762.255491347518000	
302669.835403497098000	4123761.675413219724000	
302669.844368036720000	4123761.115781873930000	
302669.853088434319900	4123760.551908582449000	
302669.861656244436700	4123759.946928115562000	
302669.887985283567100	4123759.415800184943000	
302669.872818047704600	4123758.857053848449000	
302669.796638544532500	4123758.319364637602000	
302669.690971429343300	4123757.810361953918000	
302669.625236566527700	4123757.299497696105000	
302669.508094841730800	4123756.659910293296000	
302669.444091852114100	4123756.152189343702000	
302669.342834528535600	4123755.493314831052000	
302669.266838129377000	4123754.997282117140000	
302669.171424921369200	4123754.332365122158000	
302669.065109308634400	4123753.832670300733000	
302668.912887628306600	4123753.229276744183000	
302668.792648369795600	4123752.583250137512000	
302668.695282036322200	4123752.086790174711000	
302668.541244562016800	4123751.435758680571000	
302668.341697748925100	4123750.828733533621000	
302668.188659723964500	4123750.189787003677000	
302668.016510064713700	4123749.515836807899000	
302667.879737909475800	4123748.975126354955000	
302667.744850212766300	4123748.444059465080000	
302667.611610468011300	4123747.917875382118000	
302667.481041009770700	4123747.401121230796000	
302667.358429009094800	4123746.915891736746000	
302667.219505365355900	4123746.369627090171000	
302667.047706658951900	4123745.604215709958000	
302666.918876702431600	4123745.091978162527000	
302666.739570672507400	4123744.358213516884000	
302666.618873652187200	4123743.859769912902000	
302666.509613091242500	4123743.331297010183000	
302666.401741083362100	4123742.597807020880000	
302666.286003166926100	4123742.096067517996000	
302666.139236504794100	4123741.354856582824000	
302666.048698480357400	4123740.600187391974000	
302665.933952386491000	4123739.903898330871000	
302665.891494805109700	4123739.209928603843000	
302665.857658440189000	4123738.496152967680000	
302665.783470207941700	4123737.824766250327000	
302665.717392023361800	4123737.103696912061000	
302665.692565972800400	4123736.484068009537000	
302665.640235956409000	4123735.810941785574000	
302665.630592401605100	4123735.193021866493000	
302665.613044794765300	4123734.527616593521000	
302665.595603998517600	4123733.901548477821000	
302665.573417719220700	4123733.295377821196000	
302665.551261957385600	4123732.694608780090000	
302665.527656609658200	4123732.097349259071000	
302665.505455072620000	4123731.512174695730000	
302665.484298759838600	4123730.921171278693000	
302665.462623652187200	4123730.329557510093000	
302665.440307673066900	4123729.739317030180000	
302665.415359552833300	4123729.167692275718000	
302665.389465387794200	4123728.616087049246000	
302665.367309625959000	4123728.044981094077000	
302665.297363337304000	4123727.494413467590000	
302665.256965692155100	4123726.927854629233000	
302665.216392571921500	4123726.414884659927000	
302665.162063654279300	4123725.856138318777000	
302665.124382075038700	4123725.335874648299000	
302665.068512016732700	4123724.788541884627000	
302664.992446953780000	4123724.139066787902000	
302664.915359551436300	4123723.601041886024000	
302664.835151727544100	4123722.931181044783000	
302664.760734612587800	4123722.274259658996000	
302664.680748041253500	4123721.628690810408000	
302664.552009637700400	4123721.001127334312000	
302664.465599115355900	4123720.356596083846000	
302664.355285699421100	4123719.729581923690000	
302664.259178217034800	4123719.134336564224000	
302664.145797783974600	4123718.549619765952000	
302664.010475214454300	4123717.977506726515000	
302663.903007561457300	4123717.398557754699000	
302663.795753534010100	4123716.835783097893000	
302663.680114800343300	4123716.232236951590000	
302663.545074517314800	4123715.616911027580000	
302663.400802667194500	4123714.996305558830000	
302663.276283318118700	4123714.399442764930000	
302663.085166986100400	4123713.805173966568000	
302662.890380913857400	4123713.250974745955000	
302662.769905145338300	4123712.691953749862000	
302662.649467523384400	4123712.130094619002000	
302662.478721672785500	4123711.474882215261000	
302662.337013298645600	4123710.898923966568000	
302662.193687493738300	4123710.330717177596000	
302662.050674492493300	4123709.832914441358000	
302661.911689813830900	4123709.278959366493000	
302661.764511162997200	4123708.783872696105000	
302661.616348321666000	4123708.242673963308000	
302661.465522821876200	4123707.749143689405000	
302661.326042229891800	4123707.249448869377000	
302661.127433832094500	4123706.540678115562000	
302660.986412103404300	4123706.040403458755000	
302660.790779169125000	4123705.342466442380000	
302660.597152765840300	4123704.654539198149000	
302660.394249018048900	4123703.983396621421000	
302660.187675531546100	4123703.283720108680000	
302659.977722221869000	4123702.677763075568000	
302659.726562555006200	4123702.007902234327000	
302659.537513786985100	4123701.389280407224000	
302659.354042108403500	4123700.835935682990000	
302659.142128044972200	4123700.201017471496000	
302658.870121057261700	4123699.386015028227000	
302658.613117272849200	4123698.609953017440000	
302658.348609980195800	4123697.836576553527000	
302658.054187829373400	4123697.159605117980000	
302657.644107874482900	4123696.072233291809000	
302657.376674706756600	4123695.357908338308000	
302657.107402856112500	4123694.657651990652000	
302656.787220056925400	4123693.970884412527000	
302656.498081262863700	4123693.368406386580000	
302656.205661827581900	4123692.654356092680000	
302655.930389458662800	4123692.022794814315000	
302655.647228295623800	4123691.405881972518000	
302655.348274286137900	4123690.863309947308000	
302655.063674982695400	4123690.258817764465000	
302654.795249993214400	4123689.681394665502000	
302654.531391197815500	4123689.120054334402000	
302654.246955926762900	4123688.539182752371000	
302653.994133050495300	4123688.010221572593000	
302653.733326014305900	4123687.455167861655000	
302653.453151757130400	4123686.901853652205000	
302653.202652033534800	4123686.391416638158000	
302652.931613977241800	4123685.892423722893000	
302652.688701685401600	4123685.412351701409000	
302652.446121270069900	4123684.917600722518000	
302652.168083246680900	4123684.425870981999000	
302651.893734033918000	4123683.969968887512000	
302651.511329706292600	4123683.307645886671000	
302651.260551506711600	4123682.860014054459000	
302650.831455285311700	4123682.220853895880000	
302650.448074396001200	4123681.650388805196000	
302650.033329065307000	4123681.095914932899000	
302649.635391290998100	4123680.558866592590000	
302649.259456688305400	4123680.010435194243000	
302648.860298212035600	4123679.495481582824000	
302648.482036645291400	4123678.980466931593000	
302648.105983789311700	4123678.505460828077000	
302647.720985468011300	4123678.040098279249000	
302647.378883417288300	4123677.593961806037000	
302647.007862146128900	4123677.169218154624000	
302646.633956964127700	4123676.742582409643000	
302646.261249597242600	4123676.347257705405000	
302645.916755731217600	4123675.971647353843000	
302645.577098901034300	4123675.583616347518000	
302645.145252281683500	4123675.115995498374000	
302644.710998589871500	4123674.647276016884000	
302644.292335564328800	4123674.199247446842000	
302643.884193476173100	4123673.765775772743000	
302643.476543480937800	4123673.350706191733000	
302643.083995873632400	4123672.949674695265000	
302642.713954981183600	4123672.570890516508000	
302642.346832331037100	4123672.200162979309000	
302641.981388147920400	4123671.835722061340000	
302641.476089532254300	4123671.318662735168000	
302641.007610376924300	4123670.847166152671000	
302640.517337853438200	4123670.379331679549000	
302640.052230889967200	4123669.912656875327000	
302639.592720087734100	4123669.462034316268000	
302639.137477930053100	4123669.009214491118000	
302638.667579706350800	4123668.551572890021000	
302638.220760400290600	4123668.125272843055000	
302637.783916528278500	4123667.702116104309000	
302637.322586113819900	4123667.266141983215000	
302636.886177117354200	4123666.855222791899000	
302636.442108208371800	4123666.467802136205000	
302636.017513330560200	4123666.063352677971000	
302635.600269373157100	4123665.701261613518000	
302635.163116510724600	4123665.299955457915000	
302634.744827324990200	4123664.973447889090000	
302634.335769707686300	4123664.630979630165000	
302633.925743158091800	4123664.285245987121000	
302633.501297051669100	4123663.955381483771000	
302632.984428460418700	4123663.538053602912000	
302632.460308129200700	4123663.130521861836000	
302631.949981743586200	4123662.748960583471000	
302631.463256890070600	4123662.382536025252000	
302630.988994652405400	4123662.030149548780000	
302630.513355309492900	4123661.700224012602000	
302630.063190515153100	4123661.367796034086000	
302629.612846429168700	4123661.037077044137000	
302629.040927940979600	4123660.615751356352000	
302628.502250726451200	4123660.241361708380000	
302627.974388177041000	4123659.858244032599000	
302627.458812767698000	4123659.484739391133000	
302626.942121560918200	4123659.123167128302000	
302626.424579676124300	4123658.760252088774000	
302625.920442635018800	4123658.409269423224000	
302625.421541269868600	4123658.070951553527000	
302624.925909097073600	4123657.723356339149000	
302624.362546975491600	4123657.344450088218000	
302623.946626717806800	4123657.055509660859000	
302623.514642771449900	4123656.779050920624000	
302622.994045312749200	4123656.428098768461000	
302622.523748452949800	4123656.125028698705000	
302622.049730354803600	4123655.810697648209000	
302621.597629602882100	4123655.513731092680000	
302621.150365883484500	4123655.218687147368000	
302620.708461816073400	4123654.927946179640000	
302620.110141809098400	4123654.532346812077000	
302619.548408563016000	4123654.160215470009000	
302619.003013665205800	4123653.804777236655000	
302618.445625359367100	4123653.450498674531000	
302617.907844598637900	4123653.115110486280000	
302617.375274712569100	4123652.779295061715000	
302616.858488137484500	4123652.461698621046000	
302616.346164757269400	4123652.158811659552000	
302615.838209207286100	4123651.851591199636000	
302615.345609720912800	4123651.549070447683000	
302614.845062310400000	4123651.268064589240000	
302614.349086816539100	4123650.966703503858000	
302613.856939370045400	4123650.689542859793000	
302613.392353113624300	4123650.427366347518000	
302612.917133387061800	4123650.163877578918000	
302612.430854852660600	4123649.883695694152000	
302611.989664131600900	4123649.645780653227000	
302611.544166619889400	4123649.391355605796000	
302611.081352289125800	4123649.137724013068000	
302610.518034989829200	4123648.825681775808000	
302609.926940018951400	4123648.517728895880000	
302609.375409180298400	4123648.214506241493000	
302608.689949089835900	4123647.863432025071000	
302608.181182916509000	4123647.582395645790000	
302607.625507408578400	4123647.282011120114000	
302607.023278291395400	4123646.961851212196000	
302606.452508981456000	4123646.656522842124000	
302605.892446572659500	4123646.353178117424000	
302605.333052690955800	4123646.046934216283000	
302604.588679369189780	4123645.648069472983000	
302603.887455995893110	4123645.273588266689000	
302603.208691650826950	4123644.906614394393000	
302602.536466176621620	4123644.542326061521000	
302601.780754143313970	4123644.135557264090000	
302600.957526739279270	4123643.693449109327000	
302600.220155293704010	4123643.292356580030000	
302599.526299531746190	4123642.916502087843000	
302598.756944949622270	4123642.503141494468000	
302598.055434281122870	4123642.124876111280000	
302597.339630421251060	4123641.733884899411000	
302596.620171959744770	4123641.344450086355000	
302595.939872676855884	4123640.979215710890000	
302595.229273671284318	4123640.594450087287000	
302594.595268363365903	4123640.248716445174000	
302593.939292961964380	4123639.894987194333000	
302593.305100020021200	4123639.554533092771000	
302592.628789717738980	4123639.170621960890000	
302592.027669484028590	4123638.842802141793000	
302591.385299977147950	4123638.491270155646000	
302590.781286294513850	4123638.187070937362000	
302590.214390809473120	4123637.880857557990000	
302589.604267175309360	4123637.544981095940000	
302589.038163240067660	4123637.232511607930000	
302588.468830639962110	4123636.928037737031000	
302587.888976629532410	4123636.613676163368000	
302587.200010831409600	4123636.239896864165000	
302586.550509507185780	4123635.886625382584000	
302585.872080857749100	4123635.518430800643000	
302585.209699686616660	4123635.160245988518000	
302584.484291131142500	4123634.765043350402000	
302583.729891831695600	4123634.353513810784000	
302583.243143136263800	4123634.089750379324000	
302582.443792397272800	4123633.657072157133000	
302581.677283342811300	4123633.239317033440000	
302580.777713830990300	4123632.750303359702000	
302580.301759775262300	4123632.492551892996000	
302579.428803499438800	4123632.018980117980000	
302578.952379281166900	4123631.759031383786000	
302578.073225077416300	4123631.279966445640000	
302577.615274484269300	4123631.031797500327000	
302576.777006205054900	4123630.576292133424000	
302576.331535394187100	4123630.332883924711000	
302575.497356469451900	4123629.879575821105000	
302574.667697962024200	4123629.429929819424000	
302573.877433831687100	4123628.998960588593000	
302573.038667734479500	4123628.543089003302000	
302572.302507455286100	4123628.143613904715000	
302571.475318963290200	4123627.693540662061000	
302570.706855829514100	4123627.275266739540000	
302569.947551782941400	4123626.863218398765000	
302569.183767374488500	4123626.447996227071000	
302568.429159219958800	4123626.037534804083000	
302567.662532861810200	4123625.621214002371000	
302566.942922646645500	4123625.229978654068000	
302566.249591883097300	4123624.853269667365000	
302565.509874398820100	4123624.451047988608000	
302564.828653390577500	4123624.080686659086000	
302564.096662576310300	4123623.682859514840000	
302563.445940072881100	4123623.328855603002000	
302562.756576593266800	4123622.953062146902000	
302562.052078300970600	4123622.569639296737000	
302561.430603082059000	4123622.231687638443000	
302560.799610192305400	4123621.888547989540000	
302560.142410333268300	4123621.535276502371000	
302559.492164666997300	4123621.201536269858000	
302558.864521081792200	4123620.861326309852000	
302558.275634820514800	4123620.547666640487000	
302557.587547356786700	4123620.182615370955000	
302556.833480890025400	4123619.780027477536000	
302556.079143578652300	4123619.377866834868000	
302555.281196648604200	4123618.952879043762000	
302554.369216974068000	4123618.466611953918000	
302553.485790307517200	4123617.995420545340000	
302552.588821466779300	4123617.517881484702000	
302551.724811609659800	4123617.057005020790000	
302550.882602746889500	4123616.607542127836000	
302550.029693657648700	4123616.153257460333000	
302549.193424280849300	4123615.707761853933000	
302548.385635430924600	4123615.276853649877000	
302547.569072778569500	4123614.841428847052000	
302546.785305078490600	4123614.423460095655000	
302546.000953729613700	4123614.005186171737000	
302545.265346582396900	4123613.612730116583000	
302544.446819361299300	4123613.176145641599000	
302543.755996759282400	4123612.807737440336000	
302543.006038720719500	4123612.407713029534000	
302542.264717156824200	4123612.011900037061000	
302541.528255516663200	4123611.619688123930000	
302540.833507592789800	4123611.249448868446000	
302540.148075158358600	4123610.883482071571000	
302539.447330530558200	4123610.509641737211000	
302538.783500726800400	4123610.156431287061000	
302538.133735712152000	4123609.809812638909000	
302537.446708733448800	4123609.443174452055000	
302536.801162775605900	4123609.099180310965000	
302536.155014093441400	4123608.755674453452000	
302535.438381250307400	4123608.373716447037000	
302534.612278039334300	4123607.932920544408000	
302533.789997156651200	4123607.496702282224000	
302533.003685052332000	4123607.079038709868000	
302532.484905297053000	4123606.802305310499000	
302532.017341667786200	4123606.552915663458000	
302531.005191858799700	4123606.015806287061000	
302530.524002129270200	4123605.760923475493000	
302529.643737846927300	4123605.291990368627000	
302529.126274164067600	4123605.016233538277000	
302528.665329033858100	4123604.771665665321000	
302527.785965020593700	4123604.305357070174000	
302527.301994379842700	4123604.047605608590000	
302526.448997553437900	4123603.593626115005000	
302525.490280207188300	4123603.085691539571000	
302524.973655754933100	4123602.811155410018000	
302524.467376763233900	4123602.541441056412000	
302524.004936272744100	4123602.295652479399000	
302523.504806572571400	4123602.030149552971000	
302523.007743890222600	4123601.766660781112000	
302522.514099175576100	4123601.504331679083000	
302521.998916681041000	4123601.230222791899000	
302521.056358393223500	4123600.729368301574000	
302520.607727106020300	4123600.491209120024000	
302520.118011529673800	4123600.230466933455000	
302519.167656000121500	4123599.766782850493000	
302518.258155877818400	4123599.439756485168000	
302517.749290521722300	4123599.305601207074000	
302516.816932733869200	4123599.130308242980000	
302515.959510858170700	4123598.931882949546000	
302515.043167170253600	4123598.622678845190000	
302514.177169855567600	4123598.292295547202000	
302513.328849847079300	4123598.031614394393000	
302512.533279473311300	4123597.795469373930000	
302511.715461785090200	4123597.536069958471000	
302510.921356257167600	4123597.240781874396000	
302510.163765009609100	4123596.913450333755000	
302509.371490532998000	4123596.638364882674000	
302508.606590325478500	4123596.414671035483000	
302507.852584894513700	4123596.192136854399000	
302507.110817011212900	4123595.959959120955000	
302506.312530572642600	4123595.713926406577000	
302505.632072504144200	4123595.534116837662000	
302504.855484063155000	4123595.354917617980000	
302504.208198601147200	4123595.218626111280000	
302503.445808465359700	4123595.084776010364000	
302502.760940607520800	4123594.994932262693000	
302502.056617790833100	4123594.896726700943000	
302501.416793877026100	4123594.798643203452000	
302500.681984003749700	4123594.675169082358000	
302500.075859123899100	4123594.592588511296000	
302499.395622307376500	4123594.558530896902000	
302498.762908990029200	4123594.514341444243000	
302498.092041069874500	4123594.469785781577000	
302497.463302667660200	4123594.416624158155000	
302496.850036675576100	4123594.391294571105000	
302496.243743950442900	4123594.382932751905000	
302495.626632745785200	4123594.361387343612000	
302495.029960687272300	4123594.393003556877000	
302494.423828179366000	4123594.382749645971000	
302493.822158869589000	4123594.385374161415000	
302493.266525322571000	4123594.396665660664000	
302492.667579705128000	4123594.435422987211000	
302492.124542290519000	4123594.476682753302000	
302491.558982903662000	4123594.560361953452000	
302490.992630060529000	4123594.594663708936000	
302490.311561640119000	4123594.640501113608000	
302489.577850395988000	4123594.716245742980000	
302488.877784784941000	4123594.855283828918000	
302488.244232233614000	4123594.989988418296000	
302487.525352533965000	4123595.085020156577000	
302486.852897698525000	4123595.189390271436000	
302486.218788201048000	4123595.295652481727000	
302485.578201349766000	4123595.440977188293000	
302484.917747551634000	4123595.569028944243000	
302484.279449516675000	4123595.709226696752000	
302483.705551203224000	4123595.816709610634000	
302483.087730463478000	4123595.935728164390000	
302482.482223564992000	4123596.037046524696000	
302481.844062860473000	4123596.202329725027000	
302481.306282099336000	4123596.323240370955000	
302480.724128778442000	4123596.449155897833000	
302480.131103570282000	4123596.621275037993000	
302479.582336480671000	4123596.763059706427000	
302479.067466790846000	4123596.956419080496000	
302478.527710015420000	4123597.138486952521000	
302478.019241389004000	4123597.276182264555000	
